unit -> SI (lux) 
Timestamp;lux;
0.071508;10000.0;
0.1607;10000.0;
0.241044;10000.0;
0.320761;10000.0;
0.411012;10000.0;
0.49077198;10000.0;
0.57071096;10000.0;
0.65070295;10000.0;
0.740732;10000.0;
0.82073;10000.0;
0.900841;10000.0;
0.990739;10000.0;
1.070794;10000.0;
1.150875;10000.0;
1.2407069;10000.0;
1.320779;10000.0;
1.4010389;10000.0;
1.490721;10000.0;
1.570722;10000.0;
1.6507089;10000.0;
1.7407029;10000.0;
1.82073;10000.0;
1.90072;10000.0;
1.980742;10000.0;
2.0707679;10000.0;
2.150711;10000.0;
2.230717;10000.0;
2.320929;10000.0;
2.400694;10000.0;
2.4807038;10000.0;
2.5707781;10000.0;
2.650709;10000.0;
2.7307189;10000.0;
2.820708;10000.0;
2.900744;1000.0;
2.9807658;1000.0;
3.0609128;1000.0;
3.150724;10000.0;
3.2307057;10000.0;
3.310699;10000.0;
3.400719;10000.0;
3.480824;10000.0;
3.5607028;10000.0;
3.6507409;10000.0;
3.730965;10000.0;
3.8107498;1000.0;
3.900756;1000.0;
3.9807627;1000.0;
4.06076;1000.0;
4.15072;1000.0;
4.230724;10000.0;
4.310753;10000.0;
4.390788;10000.0;
4.4807377;10000.0;
4.5607147;10000.0;
4.640792;10000.0;
4.7307286;10000.0;
4.810779;1000.0;
4.890802;1000.0;
4.980739;1000.0;
5.0607276;1000.0;
5.1408587;1000.0;
5.230699;1000.0;
5.310709;10000.0;
5.390726;10000.0;
5.4807143;10000.0;
5.5607038;10000.0;
5.640726;10000.0;
5.72073;10000.0;
5.8118725;10000.0;
5.890722;1000.0;
5.9707246;1000.0;
6.060886;1000.0;
6.140709;1000.0;
6.220716;1000.0;
6.310895;1000.0;
6.390772;10000.0;
6.470708;10000.0;
6.561455;10000.0;
6.6407185;10000.0;
6.7207217;10000.0;
6.8007646;10000.0;
6.890722;10000.0;
6.9707527;1000.0;
7.050713;1000.0;
7.140731;1000.0;
7.22081;1000.0;
7.300719;1000.0;
7.390816;1000.0;
7.470816;10000.0;
7.550716;10000.0;
7.640714;10000.0;
7.7207236;10000.0;
7.8007016;10000.0;
7.8807154;10000.0;
7.9707055;1000.0;
8.050701;1000.0;
8.130764;1000.0;
8.22073;1000.0;
8.300735;1000.0;
8.380785;1000.0;
8.470742;1000.0;
8.550735;10000.0;
8.630776;10000.0;
8.720728;10000.0;
8.800769;10000.0;
8.881024;10000.0;
8.970761;1000.0;
9.050738;1000.0;
9.130737;1000.0;
9.210816;1000.0;
9.301164;1000.0;
9.380731;1000.0;
9.4609995;1000.0;
9.552123;1000.0;
9.630759;1000.0;
9.710831;1000.0;
9.800859;1000.0;
9.880989;1000.0;
9.960721;1000.0;
10.040777;10000.0;
10.130757;10000.0;
10.21074;10000.0;
10.290698;10000.0;
10.380757;10000.0;
10.460736;10000.0;
10.5407095;10000.0;
10.630734;1000.0;
10.710756;1000.0;
10.7943735;1000.0;
10.88074;1000.0;
10.960934;1000.0;
11.04072;1000.0;
11.130741;10000.0;
11.210817;10000.0;
11.290711;10000.0;
11.370715;10000.0;
11.460896;10000.0;
11.540737;10000.0;
11.62072;10000.0;
11.710803;10000.0;
11.791626;10000.0;
11.870808;10000.0;
11.960708;1000.0;
12.04071;1000.0;
12.120815;1000.0;
12.21071;1000.0;
12.290728;1000.0;
12.370908;1000.0;
12.460726;10000.0;
12.540754;10000.0;
12.620711;10000.0;
12.700712;10000.0;
12.796801;10000.0;
12.870719;10000.0;
12.95072;10000.0;
13.041234;10000.0;
13.12072;10000.0;
13.20073;10000.0;
13.290809;10000.0;
13.370844;1000.0;
13.450719;1000.0;
13.540842;1000.0;
13.620728;1000.0;
13.7007265;10000.0;
13.790703;10000.0;
13.870766;10000.0;
13.951239;10000.0;
14.03071;10000.0;
14.120719;10000.0;
14.200754;10000.0;
14.280728;10000.0;
14.370756;10000.0;
14.450825;1000.0;
14.53072;1000.0;
14.62445;1000.0;
14.700803;1000.0;
14.782984;1000.0;
14.870762;10000.0;
14.950719;10000.0;
15.030738;10000.0;
15.110731;10000.0;
15.200709;10000.0;
15.28071;10000.0;
15.360736;10000.0;
15.45071;1000.0;
15.530707;1000.0;
15.610801;1000.0;
15.700753;1000.0;
15.782967;1000.0;
15.860786;1000.0;
15.950706;10000.0;
16.030718;10000.0;
16.110826;10000.0;
16.190796;10000.0;
16.280714;10000.0;
16.360722;10000.0;
16.440744;10000.0;
16.530724;10000.0;
16.610716;10000.0;
16.690704;10000.0;
16.781162;10000.0;
16.860735;10000.0;
16.940699;1000.0;
17.031017;10000.0;
17.11073;10000.0;
17.190773;10000.0;
17.280731;10000.0;
17.360695;10000.0;
17.440714;10000.0;
17.520794;10000.0;
17.610714;10000.0;
17.690716;10000.0;
17.770735;10000.0;
17.860731;10000.0;
17.940844;10000.0;
18.020727;10000.0;
18.110771;10000.0;
18.19081;10000.0;
18.27072;10000.0;
18.360716;10000.0;
18.440865;10000.0;
18.520725;10000.0;
18.600714;10000.0;
18.690697;1000.0;
18.770712;1000.0;
18.850729;10000.0;
18.9407;10000.0;
19.020739;10000.0;
19.100767;10000.0;
19.190748;10000.0;
19.270706;10000.0;
19.350788;10000.0;
19.440723;10000.0;
19.520723;10000.0;
19.600792;10000.0;
19.69071;10000.0;
19.77071;1000.0;
19.850775;10000.0;
19.93072;10000.0;
20.020744;10000.0;
20.100708;10000.0;
20.180714;10000.0;
20.271128;1000.0;
20.350716;10000.0;
20.430744;10000.0;
20.520874;10000.0;
20.600714;10000.0;
20.680729;10000.0;
20.770842;10000.0;
20.850708;10000.0;
20.930866;10000.0;
21.020714;10000.0;
21.101303;10000.0;
21.180765;10000.0;
21.260725;10000.0;
21.350712;10000.0;
21.430714;10000.0;
21.5107;10000.0;
21.600788;10000.0;
21.680784;10000.0;
21.760714;10000.0;
21.850727;10000.0;
21.930832;10000.0;
22.010708;10000.0;
22.100733;10000.0;
22.180977;10000.0;
22.260742;10000.0;
22.350702;10000.0;
22.430712;1000.0;
22.51074;10000.0;
22.590733;10000.0;
22.680723;10000.0;
22.760702;10000.0;
22.840815;10000.0;
22.930775;10000.0;
23.010761;10000.0;
23.090883;1000.0;
23.180712;10000.0;
23.260704;10000.0;
23.340902;10000.0;
23.43081;10000.0;
23.510794;10000.0;
23.590717;10000.0;
23.680714;10000.0;
23.760775;10000.0;
23.840706;10000.0;
23.920713;10000.0;
24.01093;10000.0;
24.090761;10000.0;
24.170706;10000.0;
24.260786;10000.0;
24.34081;10000.0;
24.420736;10000.0;
24.51207;10000.0;
24.590752;10000.0;
24.670708;10000.0;
24.760727;10000.0;
24.840742;10000.0;
24.920696;10000.0;
25.010757;10000.0;
25.090761;10000.0;
25.170795;10000.0;
25.250704;10000.0;
25.340767;10000.0;
25.421522;10000.0;
25.50074;10000.0;
25.5909;10000.0;
25.670801;1000.0;
25.750727;10000.0;
25.83325;10000.0;
25.920723;10000.0;
26.000765;10000.0;
26.090727;10000.0;
26.170708;10000.0;
26.250708;10000.0;
26.340847;10000.0;
26.4207;10000.0;
26.500704;10000.0;
26.590828;10000.0;
26.670816;10000.0;
26.750727;10000.0;
26.830809;10000.0;
26.920713;10000.0;
27.000708;10000.0;
27.080833;10000.0;
27.170732;10000.0;
27.250727;10000.0;
27.33103;10000.0;
27.420713;10000.0;
27.50105;10000.0;
27.580732;10000.0;
27.670704;10000.0;
27.750854;1000.0;
27.830702;1000.0;
27.92071;10000.0;
28.00081;10000.0;
28.080698;10000.0;
28.160719;10000.0;
28.25076;10000.0;
28.331987;10000.0;
28.41082;10000.0;
28.500704;1000.0;
28.580708;1000.0;
28.6607;10000.0;
28.750729;10000.0;
28.83075;10000.0;
28.910763;10000.0;
29.0007;10000.0;
29.080713;10000.0;
29.160852;10000.0;
29.250711;10000.0;
29.330717;10000.0;
29.410757;10000.0;
29.490747;10000.0;
29.58073;10000.0;
29.660715;10000.0;
29.74089;10000.0;
29.830784;10000.0;
29.91072;10000.0;
29.990725;1000.0;
30.080797;10000.0;
30.160707;10000.0;
30.240763;10000.0;
30.330856;10000.0;
30.410717;10000.0;
30.490751;10000.0;
30.580729;10000.0;
30.66071;10000.0;
30.740707;1000.0;
30.820705;1000.0;
30.910738;1000.0;
30.990732;1000.0;
31.07073;1000.0;
31.16071;10000.0;
31.240816;10000.0;
31.320744;10000.0;
31.410715;10000.0;
31.490793;10000.0;
31.570724;10000.0;
31.660702;10000.0;
31.740948;10000.0;
31.820728;1000.0;
31.901125;1000.0;
31.990713;1000.0;
32.07076;1000.0;
32.150707;1000.0;
32.240704;1000.0;
32.32071;10000.0;
32.40143;10000.0;
32.490704;10000.0;
32.57076;10000.0;
32.650864;10000.0;
32.74076;10000.0;
32.820755;10000.0;
32.900974;10000.0;
32.990753;10000.0;
33.07076;10000.0;
33.1507;10000.0;
33.230694;10000.0;
33.320717;10000.0;
33.400734;10000.0;
33.48078;10000.0;
33.57081;10000.0;
33.650738;10000.0;
33.73072;10000.0;
33.821682;10000.0;
33.900776;10000.0;
33.98072;10000.0;
34.070812;10000.0;
34.15072;10000.0;
34.23071;10000.0;
34.320705;10000.0;
34.40073;10000.0;
34.48076;10000.0;
34.560715;10000.0;
34.64502;10000.0;
34.730896;10000.0;
34.810722;10000.0;
34.90077;10000.0;
34.981026;10000.0;
35.060715;10000.0;
35.15075;10000.0;
35.230984;10000.0;
35.310738;10000.0;
35.400787;10000.0;
35.4807;10000.0;
35.561153;10000.0;
35.651665;10000.0;
35.737015;10000.0;
35.810745;10000.0;
35.890728;10000.0;
35.980732;10000.0;
36.060703;10000.0;
36.140774;1000.0;
36.22298;1000.0;
36.310757;1000.0;
36.3908;1000.0;
36.480885;1000.0;
36.56084;1000.0;
36.640804;10000.0;
36.73072;10000.0;
36.81071;10000.0;
36.890717;10000.0;
36.980732;10000.0;
37.06078;10000.0;
37.14071;10000.0;
37.220707;10000.0;
37.310802;10000.0;
37.39072;10000.0;
37.47073;10000.0;
37.560818;10000.0;
37.640713;10000.0;
37.720707;10000.0;
37.810715;10000.0;
37.89071;10000.0;
37.970768;10000.0;
38.06071;10000.0;
38.140717;10000.0;
38.220722;10000.0;
38.31072;10000.0;
38.390774;10000.0;
38.47104;10000.0;
38.55071;10000.0;
38.64074;10000.0;
38.72094;10000.0;
38.80216;10000.0;
38.890755;10000.0;
38.97082;10000.0;
39.050735;10000.0;
39.140736;10000.0;
39.220726;10000.0;
39.30079;10000.0;
39.390724;10000.0;
39.470707;10000.0;
39.55071;10000.0;
39.63074;10000.0;
39.7208;10000.0;
39.800793;10000.0;
39.880905;10000.0;
39.97085;10000.0;
40.05087;10000.0;
40.130867;10000.0;
40.22075;10000.0;
40.300705;10000.0;
40.380707;10000.0;
40.470707;10000.0;
40.55071;10000.0;
40.630707;10000.0;
40.72071;10000.0;
40.802334;10000.0;
40.880745;10000.0;
40.960743;10000.0;
41.050873;10000.0;
41.130714;10000.0;
41.21074;10000.0;
41.30084;10000.0;
41.380714;10000.0;
41.460716;10000.0;
41.5507;10000.0;
41.63073;10000.0;
41.710747;10000.0;
41.801353;10000.0;
41.88074;10000.0;
41.96074;10000.0;
42.050705;10000.0;
42.13071;10000.0;
42.21078;10000.0;
42.290703;10000.0;
42.380756;10000.0;
42.460766;10000.0;
42.540707;10000.0;
42.630745;10000.0;
42.710693;10000.0;
42.79073;10000.0;
42.88134;10000.0;
42.960728;10000.0;
43.0407;10000.0;
43.13076;10000.0;
43.210705;10000.0;
43.290714;10000.0;
43.37078;10000.0;
43.4607;10000.0;
43.54075;10000.0;
43.620834;10000.0;
43.710705;10000.0;
43.790733;10000.0;
43.870884;10000.0;
43.966724;10000.0;
44.040768;10000.0;
44.120712;10000.0;
44.210716;10000.0;
44.29073;10000.0;
44.370705;10000.0;
44.460705;10000.0;
44.54079;10000.0;
44.620716;10000.0;
44.70076;10000.0;
44.791626;10000.0;
44.870758;10000.0;
44.950745;10000.0;
45.040737;10000.0;
45.120968;10000.0;
45.20075;10000.0;
45.29075;10000.0;
45.366085;10000.0;
45.450703;10000.0;
45.54079;10000.0;
45.620773;10000.0;
45.700775;10000.0;
45.780777;10000.0;
45.870792;10000.0;
45.950794;10000.0;
46.03216;10000.0;
46.120857;10000.0;
46.200798;10000.0;
46.28072;10000.0;
46.370712;10000.0;
46.45071;10000.0;
46.53075;10000.0;
46.62073;10000.0;
46.700726;10000.0;
46.780853;10000.0;
46.861282;10000.0;
46.950756;10000.0;
47.030724;10000.0;
47.1108;10000.0;
47.200714;10000.0;
47.281334;10000.0;
47.360806;10000.0;
47.45073;10000.0;
47.53072;10000.0;
47.610714;10000.0;
47.7007;10000.0;
47.7807;10000.0;
47.860703;10000.0;
47.9507;10000.0;
48.03077;10000.0;
48.110752;10000.0;
48.190712;10000.0;
48.28129;10000.0;
48.3607;10000.0;
48.44071;10000.0;
48.530838;10000.0;
48.61077;10000.0;
48.69073;10000.0;
48.780724;10000.0;
48.860752;10000.0;
48.940727;10000.0;
49.030704;10000.0;
49.11072;10000.0;
49.190735;10000.0;
49.27072;10000.0;
49.360733;10000.0;
49.440796;10000.0;
49.52071;10000.0;
49.610737;10000.0;
49.69082;10000.0;
49.770786;10000.0;
49.861473;10000.0;
49.94071;10000.0;
50.020756;10000.0;
50.104034;10000.0;
50.190723;10000.0;
50.270947;10000.0;
50.360786;10000.0;
50.440712;10000.0;
50.520706;10000.0;
50.600815;10000.0;
50.6907;10000.0;
50.770832;10000.0;
50.85104;10000.0;
50.94076;10000.0;
51.020714;10000.0;
51.10093;10000.0;
51.190952;10000.0;
51.270733;10000.0;
51.3507;10000.0;
51.44072;10000.0;
51.52162;10000.0;
51.60072;10000.0;
51.68075;10000.0;
51.7713;10000.0;
51.85074;10000.0;
51.93071;10000.0;
52.02082;10000.0;
52.10072;10000.0;
52.18073;10000.0;
52.270725;10000.0;
52.3507;10000.0;
52.431736;10000.0;
52.520695;10000.0;
52.6007;10000.0;
52.680744;10000.0;
52.770744;10000.0;
52.850784;10000.0;
52.930866;10000.0;
53.010708;10000.0;
53.100697;10000.0;
53.180786;10000.0;
53.260735;10000.0;
53.350708;10000.0;
53.43074;10000.0;
53.51072;10000.0;
53.600704;10000.0;
53.680725;10000.0;
53.76071;10000.0;
53.85072;10000.0;
53.930706;10000.0;
54.010723;10000.0;
54.100815;10000.0;
54.180706;10000.0;
54.260963;10000.0;
54.34078;10000.0;
54.430714;10000.0;
54.510708;10000.0;
54.590862;10000.0;
54.680706;10000.0;
54.76071;10000.0;
54.840782;10000.0;
54.930725;10000.0;
55.01071;10000.0;
55.090744;10000.0;
55.176884;10000.0;
55.260777;10000.0;
55.340744;10000.0;
55.430927;10000.0;
55.51082;10000.0;
55.59074;10000.0;
55.68078;10000.0;
55.7609;10000.0;
55.842903;10000.0;
55.920704;10000.0;
56.010735;10000.0;
56.09072;10000.0;
56.170757;10000.0;
56.260754;10000.0;
56.340736;10000.0;
56.42077;10000.0;
56.510696;10000.0;
56.590706;10000.0;
56.67115;10000.0;
56.760735;10000.0;
56.84071;10000.0;
56.920803;10000.0;
57.01285;10000.0;
57.0907;10000.0;
57.170742;10000.0;
57.2507;10000.0;
57.34169;10000.0;
57.42074;10000.0;
57.500748;10000.0;
57.590782;10000.0;
57.67071;10000.0;
57.75079;10000.0;
57.84146;10000.0;
57.920704;10000.0;
58.000763;10000.0;
58.090805;10000.0;
58.170696;10000.0;
58.2507;10000.0;
58.340744;10000.0;
58.42072;10000.0;
58.500706;10000.0;
58.58074;10000.0;
58.67071;10000.0;
58.75089;10000.0;
58.83079;10000.0;
58.920795;10000.0;
59.00079;10000.0;
59.080746;10000.0;
59.17075;1000.0;
59.250816;1000.0;
59.33073;1000.0;
59.4207;1000.0;
59.50085;10000.0;
59.580734;10000.0;
59.6707;10000.0;
59.750698;10000.0;
59.830708;10000.0;
59.9107;10000.0;
60.00072;10000.0;
60.080715;10000.0;
60.160854;10000.0;
60.250717;10000.0;
60.330708;10000.0;
60.410904;10000.0;
60.5007;10000.0;
60.58073;10000.0;
60.660755;10000.0;
60.750767;10000.0;
60.830696;10000.0;
60.91075;10000.0;
61.000706;10000.0;
61.08072;10000.0;
61.160698;10000.0;
61.24071;10000.0;
61.330795;10000.0;
61.410698;10000.0;
61.490704;10000.0;
61.580914;10000.0;
61.660732;10000.0;
61.74076;10000.0;
61.83084;10000.0;
61.910774;10000.0;
61.990997;10000.0;
62.080704;10000.0;
62.16411;10000.0;
62.240707;10000.0;
62.330708;10000.0;
62.41076;10000.0;
62.491127;10000.0;
62.570713;10000.0;
62.660713;10000.0;
62.740826;10000.0;
62.820705;10000.0;
62.911858;10000.0;
62.99076;10000.0;
63.070786;10000.0;
63.160717;10000.0;
63.240803;10000.0;
63.320705;10000.0;
63.4107;10000.0;
63.49185;10000.0;
63.5707;10000.0;
63.650757;10000.0;
63.740788;10000.0;
63.820866;10000.0;
63.90153;10000.0;
63.99074;10000.0;
64.07071;10000.0;
64.15078;10000.0;
64.240715;10000.0;
64.32074;10000.0;
64.40102;10000.0;
64.49073;10000.0;
64.57084;10000.0;
64.6507;10000.0;
64.73179;10000.0;
64.82082;10000.0;
64.90072;10000.0;
64.98076;10000.0;
65.07079;10000.0;
65.15071;10000.0;
65.23076;10000.0;
65.32075;10000.0;
65.40084;10000.0;
65.48083;10000.0;
65.57072;10000.0;
65.65074;10000.0;
65.7335;10000.0;
65.81647;10000.0;
65.9007;10000.0;
65.98076;10000.0;
66.06072;10000.0;
66.1507;10000.0;
66.23086;10000.0;
66.31078;10000.0;
66.4007;10000.0;
66.4809;10000.0;
66.56071;10000.0;
66.650734;10000.0;
66.730804;10000.0;
66.81077;10000.0;
66.90077;10000.0;
66.9807;10000.0;
67.060745;10000.0;
67.140724;10000.0;
67.230705;10000.0;
67.31072;10000.0;
67.39103;10000.0;
67.48071;10000.0;
67.5607;10000.0;
67.6415;10000.0;
67.73074;10000.0;
67.81082;10000.0;
67.89385;10000.0;
67.98073;10000.0;
68.060745;10000.0;
68.14076;10000.0;
68.2307;10000.0;
68.31102;10000.0;
68.39087;10000.0;
68.47071;10000.0;
68.56082;10000.0;
68.64071;10000.0;
68.72071;10000.0;
68.81079;10000.0;
68.89625;10000.0;
68.97071;10000.0;
69.06073;10000.0;
69.14073;10000.0;
69.22073;10000.0;
69.31071;10000.0;
69.39071;10000.0;
69.4707;10000.0;
69.55073;10000.0;
69.640755;10000.0;
69.720795;10000.0;
69.800934;10000.0;
69.890724;10000.0;
69.970924;10000.0;
70.0507;10000.0;
70.1407;10000.0;
70.22079;10000.0;
70.30083;10000.0;
70.39074;10000.0;
70.47077;10000.0;
70.55072;10000.0;
70.63072;10000.0;
70.720726;10000.0;
70.80098;10000.0;
70.88078;10000.0;
70.97073;10000.0;
71.05074;10000.0;
71.13166;10000.0;
71.22071;10000.0;
71.30072;10000.0;
71.3808;10000.0;
71.47074;10000.0;
71.55075;10000.0;
71.630775;10000.0;
71.7107;10000.0;
71.80136;10000.0;
71.88075;10000.0;
71.96084;10000.0;
72.05081;10000.0;
72.130714;10000.0;
72.2107;10000.0;
72.300896;10000.0;
72.38076;10000.0;
72.4607;10000.0;
72.55098;10000.0;
72.63074;10000.0;
72.71075;10000.0;
72.790764;10000.0;
72.88072;10000.0;
72.96073;10000.0;
73.040695;10000.0;
73.13077;10000.0;
73.210976;10000.0;
73.29072;10000.0;
73.38072;10000.0;
73.4608;10000.0;
73.54071;10000.0;
73.63073;10000.0;
73.71077;10000.0;
73.79073;10000.0;
73.870766;10000.0;
73.960724;10000.0;
74.0407;10000.0;
74.12073;10000.0;
74.2107;10000.0;
74.29073;10000.0;
74.370735;10000.0;
74.460754;10000.0;
74.54072;10000.0;
74.62081;10000.0;
74.70146;10000.0;
74.79289;10000.0;
74.87079;10000.0;
74.95072;10000.0;
75.0407;10000.0;
75.12076;10000.0;
75.200714;10000.0;
75.290794;10000.0;
75.370705;10000.0;
75.45071;10000.0;
75.54073;10000.0;
75.620735;10000.0;
75.70084;10000.0;
75.79177;10000.0;
75.87073;10000.0;
75.95076;10000.0;
76.030785;10000.0;
76.121895;10000.0;
76.200714;10000.0;
76.28081;10000.0;
76.370735;10000.0;
76.45073;10000.0;
76.53073;10000.0;
76.620735;10000.0;
76.7007;10000.0;
76.78071;10000.0;
76.87071;10000.0;
76.95086;10000.0;
77.03071;10000.0;
77.120705;10000.0;
77.20079;10000.0;
77.28073;10000.0;
77.36072;10000.0;
77.45074;10000.0;
77.530716;10000.0;
77.61074;10000.0;
77.700714;10000.0;
77.7807;10000.0;
77.86072;10000.0;
77.95081;10000.0;
78.03072;10000.0;
78.110794;10000.0;
78.200714;10000.0;
78.28072;10000.0;
78.36091;10000.0;
78.440735;10000.0;
78.530754;10000.0;
78.61085;10000.0;
78.690704;10000.0;
78.7807;10000.0;
78.8607;10000.0;
78.94072;10000.0;
79.03072;10000.0;
79.11075;10000.0;
79.190704;10000.0;
79.28079;10000.0;
79.36072;10000.0;
79.44076;10000.0;
79.53092;10000.0;
79.610695;10000.0;
79.690735;10000.0;
79.770805;10000.0;
79.86072;10000.0;
79.940735;10000.0;
80.02071;10000.0;
80.11072;10000.0;
80.190765;10000.0;
80.27071;10000.0;
80.360725;10000.0;
80.44091;10000.0;
80.52089;10000.0;
80.610825;10000.0;
80.69086;10000.0;
80.77075;10000.0;
80.86071;10000.0;
80.940834;10000.0;
81.020706;10000.0;
81.10075;10000.0;
81.19073;10000.0;
81.27071;10000.0;
81.350716;10000.0;
81.44073;10000.0;
81.520706;10000.0;
81.60078;10000.0;
81.690704;10000.0;
81.77071;10000.0;
81.85079;10000.0;
81.940704;10000.0;
82.02076;10000.0;
82.10077;10000.0;
82.19071;10000.0;
82.27075;10000.0;
82.350784;10000.0;
82.43195;10000.0;
82.52071;10000.0;
82.6007;10000.0;
82.68071;10000.0;
82.77084;10000.0;
82.85075;10000.0;
82.93072;10000.0;
83.02083;10000.0;
83.10071;10000.0;
83.1807;10000.0;
83.270905;10000.0;
83.3507;10000.0;
83.430725;10000.0;
83.52073;10000.0;
83.6007;10000.0;
83.6807;10000.0;
83.76075;10000.0;
83.85074;10000.0;
83.9308;10000.0;
84.01076;10000.0;
84.1007;10000.0;
84.181206;10000.0;
84.260704;10000.0;
84.3507;10000.0;
84.43078;10000.0;
84.51073;10000.0;
84.60073;10000.0;
84.68072;10000.0;
84.76071;10000.0;
84.85093;10000.0;
84.93075;10000.0;
85.01071;10000.0;
85.090775;10000.0;
85.18075;10000.0;
85.260704;10000.0;
85.34077;10000.0;
85.43102;10000.0;
85.51071;10000.0;
85.59079;1000.0;
85.68082;10000.0;
85.76075;10000.0;
85.84348;10000.0;
85.93075;10000.0;
86.01076;10000.0;
86.090706;10000.0;
86.17075;10000.0;
86.26073;10000.0;
86.340706;10000.0;
86.42072;10000.0;
86.5108;10000.0;
86.59074;10000.0;
86.67074;10000.0;
86.76089;10000.0;
86.84073;10000.0;
86.92077;10000.0;
87.010765;10000.0;
87.090706;10000.0;
87.17071;10000.0;
87.260704;10000.0;
87.340706;1000.0;
87.420715;1000.0;
87.50218;1000.0;
87.59077;1000.0;
87.670784;1000.0;
87.75082;1000.0;
87.83404;10000.0;
87.920784;10000.0;
88.00072;10000.0;
88.09097;10000.0;
88.170784;10000.0;
88.250725;10000.0;
88.34071;10000.0;
88.42072;1000.0;
88.500786;10000.0;
88.590706;10000.0;
88.67074;10000.0;
88.75072;10000.0;
88.831;10000.0;
88.92074;10000.0;
89.00072;10000.0;
89.08098;10000.0;
89.170715;10000.0;
89.25071;10000.0;
89.33098;10000.0;
89.4207;10000.0;
89.50077;10000.0;
89.58072;10000.0;
89.67074;10000.0;
89.75073;10000.0;
89.83072;10000.0;
89.91071;10000.0;
90.00108;10000.0;
90.08073;10000.0;
90.16071;10000.0;
90.25079;10000.0;
90.3307;10000.0;
90.410736;10000.0;
90.500755;10000.0;
90.58073;10000.0;
90.66074;10000.0;
90.750725;10000.0;
90.8307;10000.0;
90.9108;10000.0;
90.99072;10000.0;
91.080734;10000.0;
91.16091;10000.0;
91.240715;10000.0;
91.33071;10000.0;
91.4108;10000.0;
91.4907;10000.0;
91.580734;10000.0;
91.660805;10000.0;
91.74073;10000.0;
91.83074;10000.0;
91.91177;10000.0;
91.990776;10000.0;
92.08078;10000.0;
92.160706;10000.0;
92.240715;10000.0;
92.320724;10000.0;
92.410736;10000.0;
92.49072;10000.0;
92.57079;10000.0;
92.660706;10000.0;
92.74075;10000.0;
92.82126;10000.0;
92.91073;10000.0;
92.99071;10000.0;
93.070816;10000.0;
93.16071;10000.0;
93.24073;10000.0;
93.32071;10000.0;
93.4007;10000.0;
93.490746;10000.0;
93.570724;10000.0;
93.65073;10000.0;
93.74092;10000.0;
93.82075;10000.0;
93.90075;10000.0;
93.99079;10000.0;
94.07084;10000.0;
94.15074;10000.0;
94.240715;10000.0;
94.32071;10000.0;
94.4008;10000.0;
94.4807;10000.0;
94.570724;10000.0;
94.65072;10000.0;
94.7309;10000.0;
94.82073;10000.0;
94.90119;10000.0;
94.98071;10000.0;
95.07072;10000.0;
95.15088;10000.0;
95.23071;10000.0;
95.320786;10000.0;
95.480705;1000.0;
95.56078;1000.0;
95.65072;10000.0;
95.730774;10000.0;
95.81073;10000.0;
95.90072;10000.0;
95.9807;1000.0;
96.06179;1000.0;
96.15073;1000.0;
96.230774;1000.0;
96.31082;1000.0;
96.40071;1000.0;
96.480705;1000.0;
96.56078;1000.0;
96.6507;10000.0;
96.7308;10000.0;
96.81071;10000.0;
96.89069;10000.0;
96.98074;10000.0;
97.06118;10000.0;
97.140755;10000.0;
97.23078;10000.0;
97.31086;10000.0;
97.39072;10000.0;
97.48147;10000.0;
97.56074;10000.0;
97.64069;10000.0;
97.730865;10000.0;
97.81072;10000.0;
97.890724;10000.0;
97.97075;10000.0;
98.060745;10000.0;
98.140785;10000.0;
98.22081;10000.0;
98.3107;1000.0;
98.39079;1000.0;
98.47071;1000.0;
98.56073;1000.0;
98.64078;1000.0;
98.7207;1000.0;
98.81141;1000.0;
98.890816;10000.0;
98.97074;10000.0;
99.0607;10000.0;
99.14069;10000.0;
99.2207;10000.0;
99.30073;10000.0;
99.3907;1000.0;
99.47071;1000.0;
99.550735;1000.0;
99.64073;1000.0;
99.7207;1000.0;
99.8008;1000.0;
99.89076;10000.0;
99.970726;10000.0;
100.05077;10000.0;
100.14074;10000.0;
100.22069;10000.0;
100.3007;10000.0;
100.3807;1000.0;
100.47071;1000.0;
100.55087;1000.0;
100.63073;1000.0;
100.72079;1000.0;
100.80077;1000.0;
100.88073;1000.0;
100.97079;10000.0;
101.05074;10000.0;
101.13071;10000.0;
101.22081;10000.0;
101.30072;10000.0;
101.38073;10000.0;
101.47074;1000.0;
101.550705;1000.0;
101.63072;1000.0;
101.710754;1000.0;
101.8018;1000.0;
101.88123;1000.0;
101.96071;1000.0;
102.0507;10000.0;
102.131035;10000.0;
102.21073;10000.0;
102.30073;10000.0;
102.38083;10000.0;
102.46074;10000.0;
102.55071;1000.0;
102.63071;1000.0;
102.71069;1000.0;
102.790764;1000.0;
102.88072;1000.0;
102.960884;1000.0;
103.04132;1000.0;
103.130714;10000.0;
103.21071;10000.0;
103.29077;10000.0;
103.3807;10000.0;
103.46072;10000.0;
103.54079;10000.0;
103.63071;10000.0;
103.71071;1000.0;
103.79081;1000.0;
103.88099;10000.0;
103.96249;10000.0;
104.04075;10000.0;
104.12071;10000.0;
104.21073;10000.0;
104.29071;10000.0;
104.370705;10000.0;
104.46081;10000.0;
104.540855;10000.0;
104.620735;10000.0;
104.71096;10000.0;
104.79074;10000.0;
104.870705;10000.0;
104.960884;10000.0;
105.04071;10000.0;
105.12071;10000.0;
105.21071;10000.0;
105.29073;10000.0;
105.37071;10000.0;
105.45073;10000.0;
105.5407;10000.0;
105.62079;10000.0;
105.70069;10000.0;
105.79074;10000.0;
105.87105;10000.0;
105.95072;10000.0;
106.04074;10000.0;
106.12073;10000.0;
106.200874;10000.0;
106.290985;10000.0;
106.37073;10000.0;
106.450714;10000.0;
106.54147;10000.0;
106.62078;10000.0;
106.700806;10000.0;
106.78305;10000.0;
106.87178;10000.0;
106.95074;10000.0;
107.03097;10000.0;
107.12073;10000.0;
107.20071;10000.0;
107.280815;10000.0;
107.37071;10000.0;
107.4507;10000.0;
107.53069;10000.0;
107.620964;10000.0;
107.70088;10000.0;
107.78227;10000.0;
107.87072;10000.0;
107.95081;10000.0;
108.03075;10000.0;
108.110725;10000.0;
108.20083;10000.0;
108.2807;10000.0;
108.3607;10000.0;
108.450836;10000.0;
108.53078;10000.0;
108.61071;10000.0;
108.786156;10000.0;
108.86126;10000.0;
108.950714;10000.0;
109.03071;10000.0;
109.11076;10000.0;
109.19076;10000.0;
109.28071;10000.0;
109.36088;10000.0;
109.44071;10000.0;
109.53073;10000.0;
109.610756;10000.0;
109.69072;10000.0;
109.86171;10000.0;
109.94071;10000.0;
110.03071;10000.0;
110.11071;10000.0;
110.190765;10000.0;
110.280785;10000.0;
110.36079;10000.0;
110.4407;10000.0;
110.52078;10000.0;
110.61071;10000.0;
110.69085;10000.0;
110.86072;10000.0;
110.94071;10000.0;
111.020706;10000.0;
111.19076;10000.0;
111.2708;10000.0;
111.36072;10000.0;
111.44082;10000.0;
111.5207;10000.0;
111.6107;10000.0;
111.69078;10000.0;
111.77071;10000.0;
111.85076;10000.0;
111.9408;10000.0;
112.02071;10000.0;
112.10071;10000.0;
112.19075;10000.0;
112.27078;10000.0;
112.35072;10000.0;
112.44105;10000.0;
112.520775;10000.0;
112.60072;10000.0;
112.6907;10000.0;
112.77075;10000.0;
112.8508;10000.0;
112.94071;10000.0;
113.02071;10000.0;
113.10081;10000.0;
113.180695;10000.0;
113.2707;10000.0;
113.3507;10000.0;
113.430695;10000.0;
113.52072;10000.0;
113.60073;10000.0;
113.6807;10000.0;
113.777916;10000.0;
113.850815;10000.0;
113.93075;10000.0;
114.021126;10000.0;
114.10073;10000.0;
114.18071;10000.0;
114.270805;10000.0;
114.35071;10000.0;
114.43077;10000.0;
114.510735;10000.0;
114.60071;10000.0;
114.68083;10000.0;
114.76074;10000.0;
114.850716;10000.0;
114.930786;10000.0;
115.01086;10000.0;
115.10073;10000.0;
115.1808;10000.0;
115.260704;10000.0;
115.3507;10000.0;
115.43085;10000.0;
115.51074;10000.0;
115.59085;10000.0;
115.680725;10000.0;
115.76163;10000.0;
115.84077;10000.0;
115.93072;10000.0;
116.01076;10000.0;
116.09073;10000.0;
116.18071;10000.0;
116.26071;10000.0;
116.340775;10000.0;
116.4307;10000.0;
116.51085;10000.0;
116.59086;10000.0;
116.68072;10000.0;
116.76072;10000.0;
116.84074;10000.0;
116.920715;10000.0;
117.01071;10000.0;
117.09073;10000.0;
117.17075;10000.0;
117.26073;10000.0;
117.34072;10000.0;
117.4207;10000.0;
117.510925;10000.0;
117.59073;10000.0;
117.67073;10000.0;
117.76093;10000.0;
117.84075;10000.0;
117.92075;10000.0;
118.01074;10000.0;
118.09071;10000.0;
118.170746;10000.0;
118.25075;10000.0;
118.34071;10000.0;
118.42071;10000.0;
118.5007;10000.0;
118.590706;10000.0;
118.67083;10000.0;
118.75075;10000.0;
118.84078;10000.0;
118.9208;10000.0;
119.00075;10000.0;
119.09071;10000.0;
119.17078;10000.0;
119.2507;10000.0;
119.33075;10000.0;
119.420715;10000.0;
119.50072;10000.0;
119.5807;10000.0;
119.67071;10000.0;
119.75197;10000.0;
119.831;10000.0;
119.92071;1000.0;
120.0007;1000.0;
120.0808;10000.0;
120.17671;10000.0;
120.250725;10000.0;
120.330864;1000.0;
120.41072;10000.0;
120.50072;10000.0;
120.5807;10000.0;
120.66069;10000.0;
120.75073;10000.0;
120.83072;10000.0;
120.91076;10000.0;
121.00081;10000.0;
121.0809;10000.0;
121.160736;10000.0;
121.25096;10000.0;
121.33072;10000.0;
121.410736;10000.0;
121.50241;10000.0;
121.5807;10000.0;
121.660706;10000.0;
121.74074;10000.0;
121.83095;10000.0;
121.91081;10000.0;
121.990814;10000.0;
122.08074;1000.0;
122.1608;10000.0;
122.2407;10000.0;
122.3307;10000.0;
122.4108;10000.0;
122.490715;10000.0;
122.58075;10000.0;
122.660835;10000.0;
122.740746;10000.0;
122.820755;10000.0;
122.91071;10000.0;
122.990845;10000.0;
123.070724;10000.0;
123.16071;10000.0;
123.240715;10000.0;
123.32082;10000.0;
123.41071;10000.0;
123.49071;10000.0;
123.57083;10000.0;
123.66074;10000.0;
123.74071;10000.0;
123.82084;10000.0;
123.91071;10000.0;
123.99072;10000.0;
124.070724;10000.0;
124.160706;10000.0;
124.24071;10000.0;
124.3207;10000.0;
124.400734;10000.0;
124.49079;10000.0;
124.57078;10000.0;
124.65075;10000.0;
124.740776;10000.0;
124.82072;10000.0;
124.90073;10000.0;
124.99078;10000.0;
125.07071;10000.0;
125.15074;10000.0;
125.24093;10000.0;
125.32073;10000.0;
125.40072;10000.0;
125.480705;10000.0;
125.5707;10000.0;
125.65077;10000.0;
125.730835;10000.0;
125.820755;10000.0;
125.90081;10000.0;
125.98071;10000.0;
126.07071;10000.0;
126.15088;10000.0;
126.23073;10000.0;
126.32071;10000.0;
126.4007;10000.0;
126.48075;10000.0;
126.57072;10000.0;
126.65074;10000.0;
126.730774;10000.0;
126.81079;10000.0;
126.9007;10000.0;
126.98073;10000.0;
127.06103;10000.0;
127.15072;10000.0;
127.23071;10000.0;
127.3113;10000.0;
127.4007;10000.0;
127.4807;10000.0;
127.56072;10000.0;
127.6507;10000.0;
127.7307;10000.0;
127.81091;10000.0;
127.89126;10000.0;
127.98074;10000.0;
128.06073;10000.0;
128.1407;10000.0;
128.23083;10000.0;
128.31075;10000.0;
128.39085;10000.0;
128.48088;10000.0;
128.56073;10000.0;
128.64458;10000.0;
128.73076;10000.0;
128.81071;10000.0;
128.89075;10000.0;
128.98071;10000.0;
129.06233;10000.0;
129.14072;10000.0;
129.22072;10000.0;
129.31071;10000.0;
129.39104;10000.0;
129.47072;10000.0;
129.56071;10000.0;
129.64081;10000.0;
129.7207;10000.0;
129.80421;10000.0;
129.89093;10000.0;
129.97073;10000.0;
130.06071;10000.0;
130.1441;10000.0;
130.22069;10000.0;
130.3007;10000.0;
130.3907;10000.0;
130.47073;10000.0;
130.55081;10000.0;
130.64072;10000.0;
130.7207;10000.0;
130.802;10000.0;
130.89075;10000.0;
130.9707;10000.0;
131.0508;10000.0;
131.14081;10000.0;
131.22072;10000.0;
131.3007;10000.0;
131.3807;10000.0;
131.47075;10000.0;
131.5507;10000.0;
131.63072;10000.0;
131.72081;10000.0;
131.80493;10000.0;
131.88074;10000.0;
131.97084;10000.0;
132.05072;10000.0;
132.13171;10000.0;
132.22075;10000.0;
132.30074;10000.0;
132.3807;10000.0;
132.47072;10000.0;
132.55074;10000.0;
132.6307;10000.0;
132.71071;10000.0;
132.80167;10000.0;
132.8808;10000.0;
132.96071;10000.0;
133.05074;10000.0;
133.131;10000.0;
133.21072;10000.0;
133.30072;10000.0;
133.38083;10000.0;
133.46072;10000.0;
133.5507;10000.0;
133.63069;10000.0;
133.71071;10000.0;
133.80133;10000.0;
133.88345;10000.0;
133.96072;10000.0;
134.04083;10000.0;
134.13072;10000.0;
134.21071;10000.0;
134.29105;10000.0;
134.3807;10000.0;
134.46071;10000.0;
134.54245;10000.0;
134.63074;10000.0;
134.71071;10000.0;
134.79086;10000.0;
134.88072;10000.0;
134.9607;10000.0;
135.0407;10000.0;
135.12071;10000.0;
135.21078;10000.0;
135.2907;10000.0;
135.37073;10000.0;
135.46097;10000.0;
135.54073;10000.0;
135.62071;10000.0;
135.71074;10000.0;
135.7929;10000.0;
135.87074;10000.0;
135.96072;10000.0;
136.04071;10000.0;
136.12071;10000.0;
136.2107;10000.0;
136.29071;10000.0;
136.37076;10000.0;
136.45074;10000.0;
136.54071;10000.0;
136.62079;10000.0;
136.70076;10000.0;
136.79253;10000.0;
136.8708;10000.0;
136.95073;10000.0;
137.04102;10000.0;
137.1207;10000.0;
137.20071;10000.0;
137.28072;10000.0;
137.37079;10000.0;
137.45071;10000.0;
137.53076;10000.0;
137.62099;10000.0;
137.70071;10000.0;
137.78076;10000.0;
137.87073;10000.0;
137.95071;10000.0;
138.03078;10000.0;
138.12074;10000.0;
138.20071;10000.0;
138.28073;10000.0;
138.37071;10000.0;
138.45073;10000.0;
138.5307;10000.0;
138.61075;10000.0;
138.7008;10000.0;
138.78088;10000.0;
138.86073;10000.0;
138.9508;10000.0;
139.0307;10000.0;
139.11072;10000.0;
139.2008;10000.0;
139.2807;10000.0;
139.36171;10000.0;
139.45123;10000.0;
139.53073;10000.0;
139.61072;10000.0;
139.7007;10000.0;
139.78072;10000.0;
139.86075;10000.0;
139.94072;10000.0;
140.03073;10000.0;
140.11081;10000.0;
140.19084;10000.0;
140.2807;10000.0;
140.36078;10000.0;
140.44069;10000.0;
140.53072;10000.0;
140.61076;10000.0;
140.69078;10000.0;
140.78072;10000.0;
140.86072;10000.0;
140.94075;10000.0;
141.0207;10000.0;
141.11072;10000.0;
141.19092;10000.0;
141.27083;10000.0;
141.36076;10000.0;
141.4407;10000.0;
141.52081;10000.0;
141.61086;10000.0;
141.69075;10000.0;
141.7708;10000.0;
141.85127;10000.0;
141.94081;10000.0;
142.02072;10000.0;
142.10072;10000.0;
142.19073;10000.0;
142.27072;10000.0;
142.35074;10000.0;
142.44078;10000.0;
142.52075;10000.0;
142.60072;10000.0;
142.69081;10000.0;
142.77072;10000.0;
142.85075;10000.0;
142.94087;10000.0;
143.02074;10000.0;
143.10074;10000.0;
143.18074;10000.0;
143.27072;10000.0;
143.35071;10000.0;
143.4307;10000.0;
143.52156;10000.0;
143.60081;10000.0;
143.6811;10000.0;
143.77075;10000.0;
143.85078;10000.0;
143.93073;10000.0;
144.02074;10000.0;
144.10075;10000.0;
144.18071;10000.0;
144.2707;10000.0;
144.35072;10000.0;
144.43074;10000.0;
144.51071;10000.0;
144.60071;10000.0;
144.68073;10000.0;
144.76074;10000.0;
144.85071;10000.0;
144.93091;10000.0;
145.01663;10000.0;
145.10071;10000.0;
145.18071;10000.0;
145.26077;10000.0;
145.34073;10000.0;
145.43074;10000.0;
145.51076;10000.0;
145.59074;10000.0;
145.68073;10000.0;
145.76097;10000.0;
145.8424;10000.0;
145.93077;10000.0;
146.01094;10000.0;
146.09071;10000.0;
146.1808;10000.0;
146.2607;10000.0;
146.3407;10000.0;
146.43076;10000.0;
146.51073;10000.0;
146.59074;10000.0;
146.67076;10000.0;
146.76073;10000.0;
146.8408;10000.0;
146.9207;10000.0;
147.0108;10000.0;
147.09082;10000.0;
147.17072;10000.0;
147.2607;10000.0;
147.34079;10000.0;
147.42068;10000.0;
147.50072;10000.0;
147.59084;10000.0;
147.67073;10000.0;
147.75072;10000.0;
147.84076;10000.0;
147.92073;10000.0;
148.00073;10000.0;
148.09071;10000.0;
148.17075;10000.0;
148.25073;10000.0;
148.34178;10000.0;
148.42075;10000.0;
148.50081;10000.0;
148.58072;10000.0;
148.67076;10000.0;
148.75171;10000.0;
148.83072;10000.0;
148.92075;10000.0;
149.00072;10000.0;
149.08072;10000.0;
149.17072;10000.0;
149.25072;10000.0;
149.33075;10000.0;
149.42078;10000.0;
149.5007;10000.0;
149.5807;10000.0;
149.6608;10000.0;
149.7507;10000.0;
149.83116;10000.0;
149.911;10000.0;
150.00075;10000.0;
150.0807;10000.0;
150.16077;10000.0;
150.25072;10000.0;
150.33072;10000.0;
150.41072;10000.0;
150.50073;10000.0;
150.58075;10000.0;
150.66132;10000.0;
150.74072;10000.0;
150.8308;10000.0;
150.91072;10000.0;
150.9907;10000.0;
151.08186;10000.0;
151.16074;10000.0;
151.24074;10000.0;
151.33073;10000.0;
151.41077;10000.0;
151.4907;10000.0;
151.5807;10000.0;
151.66075;10000.0;
151.8207;10000.0;
151.91072;10000.0;
151.99074;10000.0;
152.0707;10000.0;
152.16072;10000.0;
152.2408;10000.0;
152.32071;10000.0;
152.41077;10000.0;
152.49077;10000.0;
152.57072;10000.0;
152.66074;10000.0;
152.74069;10000.0;
152.82074;10000.0;
152.90118;10000.0;
152.99088;10000.0;
153.07072;10000.0;
153.1508;10000.0;
153.2407;10000.0;
153.32094;10000.0;
153.4009;10000.0;
153.48332;10000.0;
153.57072;10000.0;
153.65086;10000.0;
153.74072;10000.0;
153.82076;10000.0;
153.90076;10000.0;
153.98071;10000.0;
154.07079;10000.0;
154.15076;10000.0;
154.2307;10000.0;
154.32077;10000.0;
154.4007;10000.0;
154.48071;10000.0;
154.57092;10000.0;
154.65076;10000.0;
154.73074;10000.0;
154.82076;10000.0;
154.90071;10000.0;
154.98073;10000.0;
155.06123;10000.0;
155.15114;10000.0;
155.23071;10000.0;
155.3107;10000.0;
155.4007;10000.0;
155.48083;10000.0;
155.5607;10000.0;
155.65073;10000.0;
155.73079;10000.0;
155.81076;10000.0;
155.9007;10000.0;
155.98076;10000.0;
156.06073;10000.0;
156.1407;10000.0;
156.23071;10000.0;
156.31076;10000.0;
156.39075;10000.0;
156.48073;10000.0;
156.56071;1000.0;
156.64075;10000.0;
156.73071;10000.0;
156.81084;10000.0;
156.8908;10000.0;
156.9807;10000.0;
157.0607;10000.0;
157.14085;10000.0;
157.23068;10000.0;
157.31075;10000.0;
157.39072;10000.0;
157.4708;10000.0;
157.56075;10000.0;
157.64072;10000.0;
157.72072;10000.0;
157.81076;10000.0;
157.89075;10000.0;
157.97072;10000.0;
158.06079;10000.0;
158.1407;10000.0;
158.22075;10000.0;
158.30084;10000.0;
158.39069;10000.0;
158.47089;10000.0;
158.55072;10000.0;
158.64072;10000.0;
158.72076;10000.0;
158.80075;10000.0;
158.89081;10000.0;
158.97115;10000.0;
159.05074;10000.0;
159.14072;10000.0;
159.22089;10000.0;
159.30072;10000.0;
159.3907;10000.0;
159.47084;10000.0;
159.55069;10000.0;
159.6307;10000.0;
159.72076;10000.0;
159.88074;10000.0;
159.97072;10000.0;
160.05077;10000.0;
160.13075;10000.0;
160.22072;10000.0;
160.3007;10000.0;
160.38078;10000.0;
160.55069;10000.0;
160.63083;10000.0;
160.71075;10000.0;
160.80171;10000.0;
160.88072;10000.0;
160.96072;10000.0;
161.05104;10000.0;
161.21072;10000.0;
161.3009;10000.0;
161.3807;10000.0;
161.46077;10000.0;
161.5514;10000.0;
161.6307;10000.0;
161.7908;10000.0;
162.13074;10000.0;
162.29071;10000.0;
162.3807;10000.0;
162.46072;10000.0;
162.54071;10000.0;
162.6307;10000.0;
162.7108;10000.0;
162.7907;10000.0;
162.87073;10000.0;
162.9608;10000.0;
163.04077;10000.0;
163.12073;10000.0;
163.21071;10000.0;
163.29073;10000.0;
163.37071;10000.0;
163.46072;10000.0;
163.54076;10000.0;
163.62073;10000.0;
163.95085;10000.0;
164.0407;10000.0;
164.1208;10000.0;
164.20068;10000.0;
164.37076;10000.0;
164.45073;10000.0;
164.54071;10000.0;
164.62071;10000.0;
164.7007;10000.0;
164.79076;10000.0;
164.95216;10000.0;
165.04126;10000.0;
165.12071;10000.0;
165.20071;10000.0;
165.2808;10000.0;
165.3707;10000.0;
165.4507;10000.0;
165.53679;10000.0;
165.62071;10000.0;
165.7007;10000.0;
165.78275;10000.0;
165.8707;10000.0;
165.95074;10000.0;
166.03072;10000.0;
166.12071;10000.0;
166.2008;10000.0;
166.2807;10000.0;
166.36072;10000.0;
166.45078;10000.0;
166.5307;10000.0;
166.61069;10000.0;
166.70073;10000.0;
166.78287;10000.0;
166.86093;10000.0;
166.95073;10000.0;
167.03079;10000.0;
167.11073;10000.0;
167.2007;10000.0;
167.28082;10000.0;
167.36081;10000.0;
167.44072;10000.0;
167.5307;10000.0;
167.61078;10000.0;
167.6907;10000.0;
167.7807;10000.0;
167.86075;10000.0;
167.94133;10000.0;
168.03072;10000.0;
168.11072;10000.0;
168.19077;10000.0;
168.28073;10000.0;
168.36072;10000.0;
168.44072;10000.0;
168.52072;10000.0;
168.61075;10000.0;
168.69072;10000.0;
168.77078;10000.0;
168.86072;10000.0;
168.94075;10000.0;
169.02087;10000.0;
169.11072;10000.0;
169.19073;10000.0;
169.2707;10000.0;
169.3607;10000.0;
169.44075;10000.0;
169.5207;10000.0;
169.60089;10000.0;
169.69077;10000.0;
169.77074;10000.0;
169.85072;10000.0;
169.94092;10000.0;
170.02084;10000.0;
170.10075;10000.0;
170.19073;10000.0;
170.27074;10000.0;
170.35072;10000.0;
170.44072;10000.0;
170.5207;10000.0;
170.60071;10000.0;
170.68071;10000.0;
170.77072;10000.0;
170.8508;10000.0;
170.93082;10000.0;
171.02072;10000.0;
171.10088;10000.0;
171.18073;10000.0;
171.2707;10000.0;
171.3508;10000.0;
171.43071;10000.0;
171.5207;10000.0;
171.60074;10000.0;
171.68071;10000.0;
171.77072;10000.0;
171.8507;10000.0;
171.93076;10000.0;
172.01077;10000.0;
172.1007;10000.0;
172.18073;10000.0;
172.26105;10000.0;
172.35074;10000.0;
172.43077;10000.0;
172.51085;10000.0;
172.60077;10000.0;
172.68073;10000.0;
172.76073;10000.0;
172.85074;10000.0;
172.93071;10000.0;
173.01071;10000.0;
173.09074;10000.0;
173.1808;10000.0;
173.26077;10000.0;
173.34073;10000.0;
173.43866;10000.0;
173.51085;10000.0;
173.5907;10000.0;
173.68085;10000.0;
173.7607;10000.0;
173.84073;10000.0;
173.93071;10000.0;
174.01073;10000.0;
174.09071;10000.0;
174.17287;10000.0;
174.26073;10000.0;
174.34076;10000.0;
174.4214;10000.0;
174.51071;10000.0;
174.5909;10000.0;
174.6707;10000.0;
174.76085;10000.0;
174.84114;10000.0;
174.92075;10000.0;
175.01071;10000.0;
175.09076;10000.0;
175.17073;10000.0;
175.25072;10000.0;
175.34117;10000.0;
175.42093;10000.0;
175.50072;10000.0;
175.5907;10000.0;
175.67076;10000.0;
175.75085;10000.0;
175.83354;10000.0;
175.9207;10000.0;
176.00099;10000.0;
176.09068;10000.0;
176.17082;10000.0;
176.2508;10000.0;
176.34073;10000.0;
176.42085;10000.0;
176.5007;10000.0;
176.5807;10000.0;
176.67073;10000.0;
176.75072;10000.0;
176.83167;10000.0;
176.92163;10000.0;
177.0007;10000.0;
177.08092;10000.0;
177.1708;10000.0;
177.25073;10000.0;
177.33072;10000.0;
177.42072;10000.0;
177.5007;10000.0;
177.58073;10000.0;
177.66072;10000.0;
177.75072;10000.0;
177.83072;10000.0;
177.9107;10000.0;
178.0007;10000.0;
178.08083;10000.0;
178.1607;10000.0;
178.25078;10000.0;
178.33087;10000.0;
178.4107;10000.0;
178.50078;10000.0;
178.58072;10000.0;
178.66072;10000.0;
178.75078;10000.0;
178.8307;10000.0;
178.91089;10000.0;
178.99069;10000.0;
179.08072;10000.0;
179.16072;10000.0;
179.24078;10000.0;
179.3307;10000.0;
179.41069;10000.0;
179.49078;10000.0;
179.58069;10000.0;
179.66069;10000.0;
179.74075;10000.0;
179.83073;10000.0;
179.91077;10000.0;
179.99095;10000.0;
180.07071;10000.0;
180.1607;10000.0;
180.24075;10000.0;
180.32072;10000.0;
180.4115;10000.0;
180.49072;10000.0;
180.57074;10000.0;
180.66121;10000.0;
180.74069;10000.0;
180.82076;10000.0;
180.91077;10000.0;
180.99075;10000.0;
181.07071;10000.0;
181.1507;10000.0;
181.24072;10000.0;
181.32076;10000.0;
181.40071;10000.0;
181.49069;10000.0;
181.57085;10000.0;
181.65073;10000.0;
181.74084;10000.0;
181.82082;10000.0;
181.9009;10000.0;
181.99074;10000.0;
182.07083;10000.0;
182.15071;10000.0;
182.23076;10000.0;
182.32072;10000.0;
182.40103;10000.0;
182.48071;10000.0;
182.57072;10000.0;
182.6507;10000.0;
182.73074;10000.0;
182.82072;10000.0;
182.90073;10000.0;
182.9809;10000.0;
183.07082;10000.0;
183.15074;10000.0;
183.23077;10000.0;
183.32074;10000.0;
183.40071;10000.0;
183.481;10000.0;
183.56076;10000.0;
183.65079;10000.0;
183.73071;10000.0;
183.81732;10000.0;
183.90208;10000.0;
183.98073;10000.0;
184.06071;10000.0;
184.1508;10000.0;
184.23083;10000.0;
184.31085;10000.0;
184.40076;10000.0;
184.48071;10000.0;
184.56079;10000.0;
184.65071;10000.0;
184.73192;10000.0;
184.81711;10000.0;
184.8907;10000.0;
184.98074;10000.0;
185.06079;10000.0;
185.14082;10000.0;
185.23076;10000.0;
185.31079;10000.0;
185.3907;10000.0;
185.4807;10000.0;
185.56079;10000.0;
185.64072;10000.0;
185.73077;10000.0;
185.81088;10000.0;
185.89073;10000.0;
185.98296;10000.0;
186.0607;10000.0;
186.1407;10000.0;
186.3107;10000.0;
186.3907;10000.0;
186.47087;10000.0;
186.56071;10000.0;
186.64073;10000.0;
186.72093;10000.0;
186.81073;10000.0;
186.89075;10000.0;
186.97073;10000.0;
187.06071;10000.0;
187.14072;10000.0;
187.2207;10000.0;
187.31075;10000.0;
187.39078;10000.0;
187.47072;10000.0;
187.5507;10000.0;
187.6415;10000.0;
187.7207;10000.0;
187.8007;10000.0;
187.89082;10000.0;
187.97075;10000.0;
188.05075;10000.0;
188.14076;10000.0;
188.22073;10000.0;
188.30074;10000.0;
188.3907;10000.0;
188.4707;10000.0;
188.55075;10000.0;
188.6307;10000.0;
188.7207;10000.0;
188.80098;10000.0;
188.88074;10000.0;
188.97072;10000.0;
189.05081;10000.0;
189.13069;10000.0;
189.22072;10000.0;
189.30078;10000.0;
189.38083;10000.0;
189.47072;10000.0;
189.55074;10000.0;
189.6307;10000.0;
189.71075;10000.0;
189.80075;10000.0;
189.88074;10000.0;
189.9608;10000.0;
190.0507;10000.0;
190.1307;10000.0;
190.21083;10000.0;
190.30074;10000.0;
190.38072;10000.0;
190.46078;10000.0;
190.55078;10000.0;
190.63074;10000.0;
190.71072;10000.0;
190.79077;10000.0;
190.88223;10000.0;
190.9609;10000.0;
191.04073;10000.0;
191.13078;10000.0;
191.29095;10000.0;
191.38078;10000.0;
191.4607;10000.0;
191.54073;10000.0;
191.63077;10000.0;
191.71074;10000.0;
191.79074;10000.0;
191.87074;10000.0;
191.96072;10000.0;
192.04071;10000.0;
192.12073;10000.0;
192.21072;10000.0;
192.29082;10000.0;
192.37073;10000.0;
192.46071;10000.0;
192.5408;10000.0;
192.62073;10000.0;
192.71075;10000.0;
192.79074;10000.0;
192.87073;10000.0;
192.95073;10000.0;
193.0407;10000.0;
193.1207;10000.0;
193.20071;10000.0;
193.29071;10000.0;
193.37076;10000.0;
193.45084;10000.0;
193.54076;10000.0;
193.62076;10000.0;
193.70108;10000.0;
193.7907;10000.0;
193.87071;10000.0;
193.95076;10000.0;
194.04071;10000.0;
194.12071;10000.0;
194.2007;10000.0;
194.2807;10000.0;
194.37076;10000.0;
194.45073;10000.0;
194.53072;10000.0;
194.62094;10000.0;
194.70071;10000.0;
194.78076;10000.0;
194.87079;10000.0;
194.9507;10000.0;
195.03102;10000.0;
195.12073;10000.0;
195.20073;10000.0;
195.28073;10000.0;
195.36072;10000.0;
195.45145;10000.0;
195.53075;10000.0;
195.6107;10000.0;
195.7007;10000.0;
195.78078;10000.0;
195.8607;10000.0;
195.95085;10000.0;
196.0308;10000.0;
196.1107;10000.0;
196.20071;10000.0;
196.28075;10000.0;
196.36073;10000.0;
196.44073;10000.0;
196.53072;10000.0;
196.61075;10000.0;
196.69261;10000.0;
196.78072;10000.0;
196.8608;10000.0;
196.9408;10000.0;
197.0307;10000.0;
197.1107;10000.0;
197.19078;10000.0;
197.28072;10000.0;
197.3607;10000.0;
197.44081;10000.0;
197.53076;10000.0;
197.61081;10000.0;
197.69073;10000.0;
197.77072;10000.0;
197.86073;10000.0;
197.9407;10000.0;
198.0207;10000.0;
198.11076;10000.0;
198.19075;10000.0;
198.27074;10000.0;
198.3608;10000.0;
198.4407;10000.0;
198.5207;10000.0;
198.61076;10000.0;
198.69069;10000.0;
198.77072;10000.0;
198.86078;10000.0;
198.94073;10000.0;
199.02083;10000.0;
199.10074;10000.0;
199.19072;10000.0;
199.27075;10000.0;
199.35072;10000.0;
199.44073;10000.0;
199.5208;10000.0;
199.60072;10000.0;
199.6907;10000.0;
199.77094;10000.0;
199.85075;10000.0;
199.94073;10000.0;
200.0207;10000.0;
200.10071;10000.0;
200.18073;10000.0;
200.2707;10000.0;
200.35072;10000.0;
200.43077;10000.0;
200.52072;10000.0;
200.60074;10000.0;
200.68077;10000.0;
200.77078;10000.0;
200.8507;10000.0;
200.9309;10000.0;
201.0207;10000.0;
201.1007;10000.0;
201.18071;10000.0;
201.2707;10000.0;
201.35077;10000.0;
201.43071;10000.0;
201.51074;10000.0;
201.60078;10000.0;
201.68109;10000.0;
201.7607;10000.0;
201.85088;10000.0;
201.93073;10000.0;
202.01074;10000.0;
202.10132;10000.0;
202.18071;10000.0;
202.26073;10000.0;
202.35071;10000.0;
202.43073;10000.0;
202.5107;10000.0;
202.60071;10000.0;
202.68073;10000.0;
202.7611;10000.0;
202.84071;10000.0;
202.9307;10000.0;
203.01082;10000.0;
203.09071;10000.0;
203.26083;10000.0;
203.34076;10000.0;
203.43077;10000.0;
203.51076;10000.0;
203.59071;10000.0;
203.68073;10000.0;
203.76073;10000.0;
203.84071;10000.0;
203.92072;10000.0;
204.0107;10000.0;
204.09071;10000.0;
204.17256;10000.0;
204.2607;10000.0;
204.34071;10000.0;
204.42078;10000.0;
204.5107;10000.0;
204.5907;10000.0;
204.67078;10000.0;
204.76071;10000.0;
204.84079;10000.0;
204.92072;10000.0;
205.01071;10000.0;
205.09076;10000.0;
205.1707;10000.0;
205.2507;10000.0;
205.34085;10000.0;
205.4207;10000.0;
205.50072;10000.0;
205.59085;10000.0;
205.67075;10000.0;
205.75073;10000.0;
205.84634;10000.0;
205.92072;10000.0;
206.00073;10000.0;
206.09071;10000.0;
206.17072;10000.0;
206.25072;10000.0;
206.33073;10000.0;
206.42073;10000.0;
206.50078;10000.0;
206.5807;10000.0;
206.67072;10000.0;
206.75081;10000.0;
206.8308;10000.0;
206.9207;10000.0;
207.00075;10000.0;
207.08069;10000.0;
207.17073;10000.0;
207.25072;10000.0;
207.33072;10000.0;
207.4107;10000.0;
207.5007;10000.0;
207.5807;10000.0;
207.66078;10000.0;
207.7507;10000.0;
207.8307;10000.0;
207.91092;10000.0;
208.00102;10000.0;
208.08072;10000.0;
208.16077;10000.0;
208.25072;10000.0;
208.33072;10000.0;
208.41072;10000.0;
208.50072;10000.0;
208.58072;10000.0;
208.66074;10000.0;
208.74072;10000.0;
208.83078;10000.0;
208.91077;10000.0;
208.9908;10000.0;
209.08122;10000.0;
209.1607;10000.0;
209.24069;10000.0;
209.33069;10000.0;
209.41072;10000.0;
209.4907;10000.0;
209.57071;10000.0;
209.66072;10000.0;
209.74072;10000.0;
209.82074;10000.0;
209.91074;10000.0;
209.99118;10000.0;
210.0707;10000.0;
210.1607;10000.0;
210.24078;10000.0;
210.32074;10000.0;
210.4107;10000.0;
210.49075;10000.0;
210.57074;10000.0;
210.66077;10000.0;
210.74069;10000.0;
210.82072;10000.0;
210.90073;10000.0;
210.99075;10000.0;
211.07082;10000.0;
211.15097;10000.0;
211.2407;10000.0;
211.32071;10000.0;
211.40082;10000.0;
211.4907;10000.0;
211.57071;10000.0;
211.65083;10000.0;
211.74072;10000.0;
211.82074;10000.0;
211.90071;10000.0;
211.98073;10000.0;
212.07079;10000.0;
212.15074;10000.0;
212.23071;10000.0;
212.32077;10000.0;
212.40071;10000.0;
212.4807;10000.0;
212.57076;10000.0;
212.65071;10000.0;
212.73076;10000.0;
212.82071;10000.0;
212.90073;10000.0;
212.98077;10000.0;
213.0607;10000.0;
213.15073;10000.0;
213.23071;10000.0;
213.31073;10000.0;
213.40073;10000.0;
213.48079;10000.0;
213.5607;10000.0;
213.65071;10000.0;
213.73093;10000.0;
213.81073;10000.0;
213.90071;10000.0;
213.98076;10000.0;
214.06071;10000.0;
214.14069;10000.0;
214.23068;10000.0;
214.31073;10000.0;
214.39075;10000.0;
214.4807;10000.0;
214.5607;10000.0;
214.64078;10000.0;
214.73074;10000.0;
214.81073;10000.0;
214.89096;10000.0;
214.98074;10000.0;
215.0607;10000.0;
215.14087;10000.0;
215.23071;10000.0;
215.31078;10000.0;
215.39072;10000.0;
215.4707;10000.0;
215.5607;10000.0;
215.6407;10000.0;
215.7207;10000.0;
215.81082;10000.0;
215.89072;10000.0;
215.97073;10000.0;
216.06114;10000.0;
216.14075;10000.0;
216.22073;10000.0;
216.31073;10000.0;
216.3907;10000.0;
216.47078;10000.0;
216.56071;10000.0;
216.64072;10000.0;
216.7207;10000.0;
216.80075;10000.0;
216.89091;10000.0;
216.9708;10000.0;
217.0507;10000.0;
217.1407;10000.0;
217.22087;10000.0;
217.30087;10000.0;
217.3908;10000.0;
217.47168;10000.0;
217.55069;10000.0;
217.64075;10000.0;
217.72073;10000.0;
217.8007;10000.0;
217.88074;10000.0;
217.97072;10000.0;
218.05074;10000.0;
218.13072;10000.0;
218.2207;10000.0;
218.3007;10000.0;
218.38115;10000.0;
218.4707;10000.0;
218.5507;10000.0;
218.6308;10000.0;
218.72072;10000.0;
218.80077;10000.0;
218.88074;10000.0;
218.96074;10000.0;
219.05074;10000.0;
219.1307;10000.0;
219.21071;10000.0;
219.30078;10000.0;
219.3807;10000.0;
219.46071;10000.0;
219.5511;10000.0;
219.63069;10000.0;
219.71072;10000.0;
219.80083;10000.0;
219.88074;10000.0;
219.9607;10000.0;
220.0507;10000.0;
220.13078;10000.0;
220.21072;10000.0;
220.29073;10000.0;
220.3807;10000.0;
220.46082;10000.0;
220.5407;10000.0;
220.6307;10000.0;
220.71089;10000.0;
220.79099;10000.0;
220.88072;10000.0;
220.9608;10000.0;
221.04071;10000.0;
221.13072;10000.0;
221.21071;10000.0;
221.29073;10000.0;
221.38072;10000.0;
221.46071;10000.0;
221.54073;10000.0;
221.62074;10000.0;
221.71071;10000.0;
221.79076;10000.0;
221.8711;10000.0;
221.9607;10000.0;
222.04071;10000.0;
222.12079;10000.0;
222.21071;10000.0;
222.29073;10000.0;
222.37076;10000.0;
222.4607;10000.0;
222.54071;10000.0;
222.62071;10000.0;
222.71143;10000.0;
222.79077;10000.0;
222.87074;10000.0;
222.95071;10000.0;
223.0409;10000.0;
223.12071;10000.0;
223.20084;10000.0;
223.29097;10000.0;
223.3707;10000.0;
223.45073;10000.0;
223.54071;10000.0;
223.62073;10000.0;
223.70068;10000.0;
223.79071;10000.0;
223.87071;10000.0;
223.95076;10000.0;
224.04077;10000.0;
224.12071;10000.0;
224.20079;10000.0;
224.28072;10000.0;
224.37073;10000.0;
224.45082;10000.0;
224.53078;10000.0;
224.6207;10000.0;
224.70079;10000.0;
224.78073;10000.0;
224.87074;10000.0;
224.95071;10000.0;
225.03072;10000.0;
225.12077;10000.0;
225.20071;10000.0;
225.28073;10000.0;
225.36078;10000.0;
225.4507;10000.0;
225.53072;10000.0;
225.61098;10000.0;
225.70073;10000.0;
225.78079;10000.0;
225.86072;10000.0;
225.95068;10000.0;
226.03072;10000.0;
226.11073;10000.0;
226.2007;10000.0;
226.28075;10000.0;
226.36072;10000.0;
226.4407;10000.0;
226.53079;10000.0;
226.61072;10000.0;
226.69073;10000.0;
226.7808;10000.0;
226.86073;10000.0;
226.94073;10000.0;
227.0307;10000.0;
227.11069;10000.0;
227.19072;10000.0;
227.28075;10000.0;
227.3607;10000.0;
227.44073;10000.0;
227.53073;10000.0;
227.61072;10000.0;
227.69078;10000.0;
227.77078;10000.0;
227.86089;10000.0;
227.94081;10000.0;
228.02075;10000.0;
228.11069;10000.0;
228.1907;10000.0;
228.27101;10000.0;
228.36075;10000.0;
228.44072;10000.0;
228.5207;10000.0;
228.61076;10000.0;
228.69072;10000.0;
228.77072;10000.0;
228.8508;10000.0;
228.94073;10000.0;
229.02072;10000.0;
229.10077;10000.0;
229.1907;10000.0;
229.2707;10000.0;
229.35074;10000.0;
229.4407;10000.0;
229.52069;10000.0;
229.6007;10000.0;
229.69075;10000.0;
229.77074;10000.0;
229.85074;10000.0;
229.94072;10000.0;
230.02078;10000.0;
230.10074;10000.0;
230.18073;10000.0;
230.27089;10000.0;
230.35071;10000.0;
230.43071;10000.0;
230.5208;10000.0;
230.6008;10000.0;
230.68071;10000.0;
230.77072;10000.0;
230.85074;10000.0;
230.93076;10000.0;
231.0207;10000.0;
231.10071;10000.0;
231.18077;10000.0;
231.2707;10000.0;
231.35072;10000.0;
231.43086;10000.0;
231.5107;10000.0;
231.60095;10000.0;
231.68077;10000.0;
231.7607;10000.0;
231.85071;10000.0;
231.93073;10000.0;
232.01079;10000.0;
232.10075;10000.0;
232.18071;10000.0;
232.26071;10000.0;
232.35078;10000.0;
232.43071;10000.0;
232.51073;10000.0;
232.591;10000.0;
232.6807;10000.0;
232.76071;10000.0;
232.84135;10000.0;
232.93092;10000.0;
233.09073;10000.0;
233.18071;10000.0;
233.26093;10000.0;
233.34071;10000.0;
233.43071;10000.0;
233.51079;10000.0;
233.59071;10000.0;
233.68071;10000.0;
233.76093;10000.0;
233.84071;10000.0;
233.92072;10000.0;
234.01079;10000.0;
234.0907;10000.0;
234.17102;10000.0;
234.26074;10000.0;
234.3407;10000.0;
234.42072;10000.0;
234.51076;10000.0;
234.59077;10000.0;
234.67078;10000.0;
234.76074;10000.0;
234.84073;10000.0;
234.92079;10000.0;
235.01073;10000.0;
235.0907;10000.0;
235.17093;10000.0;
235.25072;10000.0;
235.3407;10000.0;
235.4207;10000.0;
235.50073;10000.0;
235.59071;10000.0;
235.67085;10000.0;
235.75073;10000.0;
235.84846;10000.0;
235.92099;10000.0;
236.00073;10000.0;
236.09085;10000.0;
236.17068;10000.0;
236.25073;10000.0;
236.3308;10000.0;
236.42072;10000.0;
236.5007;10000.0;
236.58072;10000.0;
236.67068;10000.0;
236.75072;10000.0;
236.8307;10000.0;
236.9207;10000.0;
237.00098;10000.0;
237.08073;10000.0;
237.1707;10000.0;
237.25087;10000.0;
237.3307;10000.0;
237.42072;10000.0;
237.5008;10000.0;
237.58083;10000.0;
237.66078;10000.0;
237.75075;10000.0;
237.83069;10000.0;
237.91072;10000.0;
238.00072;10000.0;
238.08078;10000.0;
238.1608;10000.0;
238.2507;10000.0;
238.33073;10000.0;
238.41086;10000.0;
238.50142;10000.0;
238.5807;10000.0;
238.66098;10000.0;
238.75073;10000.0;
238.83072;10000.0;
238.9107;10000.0;
238.9908;10000.0;
239.08069;10000.0;
239.1607;10000.0;
239.24075;10000.0;
239.33078;10000.0;
239.4107;10000.0;
239.49072;10000.0;
239.58078;10000.0;
239.66075;10000.0;
239.7407;10000.0;
239.83084;10000.0;
239.91092;10000.0;
239.99077;10000.0;
240.07123;10000.0;
240.16072;10000.0;
240.24069;10000.0;
240.32071;10000.0;
240.4107;10000.0;
240.49077;10000.0;
240.57072;10000.0;
240.66072;10000.0;
240.74208;10000.0;
240.82124;10000.0;
240.91074;10000.0;
240.99075;10000.0;
241.07072;10000.0;
241.1607;10000.0;
241.24072;10000.0;
241.32071;10000.0;
241.40076;10000.0;
241.49072;10000.0;
241.57072;10000.0;
241.65074;10000.0;
241.7407;10000.0;
241.82077;10000.0;
241.90088;10000.0;
241.9907;10000.0;
242.07071;10000.0;
242.15097;10000.0;
242.24075;10000.0;
242.32089;10000.0;
242.40071;10000.0;
242.49069;10000.0;
242.57071;10000.0;
242.6507;10000.0;
242.73071;10000.0;
242.82082;10000.0;
242.90134;10000.0;
242.98071;10000.0;
243.0716;10000.0;
243.15071;10000.0;
243.23071;10000.0;
243.32077;10000.0;
243.40071;10000.0;
243.48071;10000.0;
243.5707;10000.0;
243.65111;10000.0;
243.73077;10000.0;
243.81079;10000.0;
243.90076;10000.0;
243.98074;10000.0;
244.0607;10000.0;
244.1552;10000.0;
244.23087;10000.0;
244.31076;10000.0;
244.40074;10000.0;
244.48085;10000.0;
244.5607;10000.0;
244.65071;10000.0;
244.73071;10000.0;
244.81079;10000.0;
244.89072;10000.0;
244.98074;10000.0;
245.06071;10000.0;
245.14072;10000.0;
245.23071;10000.0;
245.31075;10000.0;
245.39122;10000.0;
245.48071;10000.0;
245.56073;10000.0;
245.64088;10000.0;
245.73071;10000.0;
245.81363;10000.0;
245.89082;10000.0;
245.98071;10000.0;
246.06071;10000.0;
246.14069;10000.0;
246.22072;10000.0;
246.31078;10000.0;
246.3907;10000.0;
246.47095;10000.0;
246.5611;10000.0;
246.64073;10000.0;
246.7207;10000.0;
246.81728;10000.0;
246.89075;10000.0;
246.9707;10000.0;
247.0607;10000.0;
247.14075;10000.0;
247.2207;10000.0;
247.30069;10000.0;
247.39076;10000.0;
247.47072;10000.0;
247.55072;10000.0;
247.64073;10000.0;
247.7208;10000.0;
247.8007;10000.0;
247.89072;10000.0;
247.9708;10000.0;
248.0507;10000.0;
248.13072;10000.0;
248.2207;10000.0;
248.30074;10000.0;
248.3807;10000.0;
248.47072;10000.0;
248.55069;10000.0;
248.63072;10000.0;
248.72089;10000.0;
248.80148;10000.0;
248.88077;10000.0;
248.97072;10000.0;
249.05072;10000.0;
249.13078;10000.0;
249.22072;10000.0;
249.30074;10000.0;
249.38075;10000.0;
249.4607;10000.0;
249.55069;10000.0;
249.63144;10000.0;
249.7107;10000.0;
249.80077;10000.0;
249.88075;10000.0;
249.96072;10000.0;
250.05078;10000.0;
250.13072;10000.0;
250.2115;10000.0;
250.29088;10000.0;
250.38069;10000.0;
250.46094;10000.0;
250.54074;10000.0;
250.6307;10000.0;
250.71071;10000.0;
250.79071;10000.0;
250.88077;10000.0;
250.9607;10000.0;
251.04073;10000.0;
251.13074;10000.0;
251.21082;10000.0;
251.29071;10000.0;
251.38083;10000.0;
251.46094;10000.0;
251.54073;10000.0;
251.6207;10000.0;
251.71075;10000.0;
251.79071;10000.0;
251.87079;10000.0;
251.96072;10000.0;
252.04074;10000.0;
252.12073;10000.0;
252.21071;10000.0;
252.29073;10000.0;
252.37079;10000.0;
252.46089;10000.0;
252.54071;10000.0;
252.62088;10000.0;
252.7007;10000.0;
252.7907;10000.0;
252.8708;10000.0;
252.95074;10000.0;
253.04079;10000.0;
253.12102;10000.0;
253.2007;10000.0;
253.29068;10000.0;
253.37071;10000.0;
253.45071;10000.0;
253.54079;10000.0;
253.62079;10000.0;
253.70099;10000.0;
253.78091;10000.0;
253.87073;10000.0;
253.9507;10000.0;
254.03082;10000.0;
254.1207;10000.0;
254.20079;10000.0;
254.28073;10000.0;
254.3707;10000.0;
254.4507;10000.0;
254.53075;10000.0;
254.624;10000.0;
254.70076;10000.0;
254.78072;10000.0;
254.86073;10000.0;
254.95078;10000.0;
255.03091;10000.0;
255.1107;10000.0;
255.20087;10000.0;
255.28073;10000.0;
255.36075;10000.0;
255.4507;10000.0;
255.5307;10000.0;
255.6107;10000.0;
255.69073;10000.0;
255.78072;10000.0;
255.86078;10000.0;
255.9407;10000.0;
256.0307;10000.0;
256.11078;10000.0;
256.1907;10000.0;
256.28073;10000.0;
256.36078;10000.0;
256.4407;10000.0;
256.53073;10000.0;
256.61072;10000.0;
256.69073;10000.0;
256.7708;10000.0;
256.8607;10000.0;
256.9407;10000.0;
257.0214;10000.0;
257.111;10000.0;
257.1907;10000.0;
257.27078;10000.0;
257.3607;10000.0;
257.4407;10000.0;
257.52078;10000.0;
257.61072;10000.0;
257.69073;10000.0;
257.77075;10000.0;
257.8508;10000.0;
257.94073;10000.0;
258.02072;10000.0;
258.10074;10000.0;
258.19077;10000.0;
258.2707;10000.0;
258.3507;10000.0;
258.441;10000.0;
258.52115;10000.0;
258.60074;10000.0;
258.691;10000.0;
258.7708;10000.0;
258.85107;10000.0;
258.9407;10000.0;
259.02094;10000.0;
259.1007;10000.0;
259.1807;10000.0;
259.2708;10000.0;
259.35077;10000.0;
259.43073;10000.0;
259.52072;10000.0;
259.60092;10000.0;
259.6807;10000.0;
259.7707;10000.0;
259.851;10000.0;
259.93073;10000.0;
260.02075;10000.0;
260.10074;10000.0;
260.1807;10000.0;
260.26068;10000.0;
260.351;10000.0;
260.43073;10000.0;
260.51074;10000.0;
260.6009;10000.0;
260.68073;10000.0;
260.7608;10000.0;
260.85068;10000.0;
260.9307;10000.0;
261.01086;10000.0;
261.10074;10000.0;
261.18073;10000.0;
261.26074;10000.0;
261.34094;10000.0;
261.43073;10000.0;
261.51074;10000.0;
261.5907;10000.0;
261.68076;10000.0;
261.76074;10000.0;
261.84073;10000.0;
261.9308;10000.0;
262.0107;10000.0;
262.09073;10000.0;
262.18076;10000.0;
262.26074;10000.0;
262.34073;10000.0;
262.42075;10000.0;
262.5107;10000.0;
262.5907;10000.0;
262.67072;10000.0;
262.7608;10000.0;
262.84073;10000.0;
262.92395;10000.0;
263.0107;10000.0;
263.0908;10000.0;
263.1708;10000.0;
263.2607;10000.0;
263.34085;10000.0;
263.42072;10000.0;
263.50073;10000.0;
263.5907;10000.0;
263.67072;10000.0;
263.75076;10000.0;
263.8409;10000.0;
263.92075;10000.0;
264.0007;10000.0;
264.0907;10000.0;
264.17072;10000.0;
264.2508;10000.0;
264.3407;10000.0;
264.42072;10000.0;
264.50082;10000.0;
264.5807;10000.0;
264.67072;10000.0;
264.75076;10000.0;
264.83078;10000.0;
264.9207;10000.0;
265.0007;10000.0;
265.08072;10000.0;
265.17072;10000.0;
265.2507;10000.0;
265.33072;10000.0;
265.4208;10000.0;
265.5007;10000.0;
265.5808;10000.0;
265.66077;10000.0;
265.7507;10000.0;
265.83075;10000.0;
265.91077;10000.0;
266.0007;10000.0;
266.0807;10000.0;
266.1607;10000.0;
266.2507;10000.0;
266.33093;10000.0;
266.4107;10000.0;
266.5007;10000.0;
266.58075;10000.0;
266.6607;10000.0;
266.7407;10000.0;
266.83078;10000.0;
266.91077;10000.0;
266.99078;10000.0;
267.08075;10000.0;
267.16077;10000.0;
267.2408;10000.0;
267.33075;10000.0;
267.41074;10000.0;
267.49072;10000.0;
267.58072;10000.0;
267.6607;10000.0;
267.74088;10000.0;
267.8207;10000.0;
267.9107;10000.0;
267.99078;10000.0;
268.07074;10000.0;
268.16074;10000.0;
268.24088;10000.0;
268.3207;10000.0;
268.4907;10000.0;
268.5707;10000.0;
268.66077;10000.0;
268.74072;10000.0;
268.82077;10000.0;
268.91077;10000.0;
268.9907;10000.0;
269.0707;10000.0;
269.15097;10000.0;
269.2407;10000.0;
269.32074;10000.0;
269.40076;10000.0;
269.49072;10000.0;
269.57074;10000.0;
269.65073;10000.0;
269.74072;10000.0;
269.82074;10000.0;
269.9007;10000.0;
269.9907;10000.0;
270.0709;10000.0;
270.1507;10000.0;
270.23068;10000.0;
270.3208;10000.0;
270.4007;10000.0;
270.4807;10000.0;
270.5708;10000.0;
270.65073;10000.0;
270.7307;10000.0;
270.82074;10000.0;
270.9007;10000.0;
270.9807;10000.0;
271.07068;10000.0;
271.15073;10000.0;
271.23077;10000.0;
271.31128;10000.0;
271.40073;10000.0;
271.4809;10000.0;
271.5607;10000.0;
271.65073;10000.0;
271.73096;10000.0;
271.8107;10000.0;
271.90073;10000.0;
271.9807;10000.0;
272.0607;10000.0;
272.14072;10000.0;
272.23074;10000.0;
272.31076;10000.0;
272.39075;10000.0;
272.4807;10000.0;
272.5607;10000.0;
272.64087;10000.0;
272.7308;10000.0;
272.8108;10000.0;
272.8908;10000.0;
272.9808;10000.0;
273.06076;10000.0;
273.14075;10000.0;
273.23068;10000.0;
273.3107;10000.0;
273.3907;10000.0;
273.47073;10000.0;
273.56076;10000.0;
273.64072;10000.0;
273.7207;10000.0;
273.81152;10000.0;
273.89072;10000.0;
273.9707;10000.0;
274.0608;10000.0;
274.14072;10000.0;
274.2207;10000.0;
274.30072;10000.0;
274.39072;10000.0;
274.47076;10000.0;
274.5507;10000.0;
274.64087;10000.0;
274.7208;10000.0;
274.80072;10000.0;
274.89072;10000.0;
274.971;10000.0;
275.05072;10000.0;
275.1407;10000.0;
275.22083;10000.0;
275.3007;10000.0;
275.38077;10000.0;
275.4707;10000.0;
275.55072;10000.0;
275.63245;10000.0;
275.7207;10000.0;
275.80072;10000.0;
275.88074;10000.0;
275.9707;10000.0;
276.05072;10000.0;
276.1308;10000.0;
276.22073;10000.0;
276.30072;10000.0;
276.3808;10000.0;
276.47073;10000.0;
276.55164;10000.0;
276.63074;10000.0;
276.71072;10000.0;
276.80072;10000.0;
276.88187;10000.0;
276.9607;10000.0;
277.05078;10000.0;
277.1307;10000.0;
277.21072;10000.0;
277.3011;10000.0;
277.3807;10000.0;
277.46085;10000.0;
277.54083;10000.0;
277.63074;10000.0;
277.71072;10000.0;
277.79074;10000.0;
277.88074;10000.0;
277.96072;10000.0;
278.0407;10000.0;
278.1307;10000.0;
278.21072;10000.0;
278.2907;10000.0;
278.3807;10000.0;
278.4608;10000.0;
278.5407;10000.0;
278.63068;10000.0;
278.71082;10000.0;
278.79074;10000.0;
278.87183;10000.0;
278.9607;10000.0;
279.0408;10000.0;
279.1207;10000.0;
279.21072;10000.0;
279.2907;10000.0;
279.37073;10000.0;
279.4607;10000.0;
279.54092;10000.0;
279.62112;10000.0;
279.71072;10000.0;
279.79077;10000.0;
279.87082;10000.0;
279.95078;10000.0;
280.04068;10000.0;
280.12073;10000.0;
280.20074;10000.0;
280.2907;10000.0;
280.3707;10000.0;
280.4507;10000.0;
280.54074;10000.0;
280.6209;10000.0;
280.7007;10000.0;
280.79074;10000.0;
280.87073;10000.0;
280.95215;10000.0;
281.03082;10000.0;
281.1207;10000.0;
281.2007;10000.0;
281.28073;10000.0;
281.37067;10000.0;
281.45117;10000.0;
281.5307;10000.0;
281.62073;10000.0;
281.70114;10000.0;
281.7807;10000.0;
281.87073;10000.0;
281.95078;10000.0;
282.03073;10000.0;
282.11072;10000.0;
282.20093;10000.0;
282.2808;10000.0;
282.36078;10000.0;
282.4507;10000.0;
282.5307;10000.0;
282.61072;10000.0;
282.7007;10000.0;
282.78073;10000.0;
282.86096;10000.0;
282.9507;10000.0;
283.03073;10000.0;
283.11078;1000.0;
283.19073;1000.0;
283.2807;1000.0;
283.3609;10000.0;
283.44092;10000.0;
283.5307;10000.0;
283.61078;10000.0;
283.69073;10000.0;
283.7807;10000.0;
283.86072;10000.0;
283.9407;10000.0;
284.0307;10000.0;
284.11075;10000.0;
284.19077;10000.0;
284.2708;10000.0;
284.36072;10000.0;
284.44092;10000.0;
284.52078;10000.0;
284.61072;10000.0;
284.69077;10000.0;
284.77075;10000.0;
284.86075;10000.0;
284.94073;10000.0;
285.02072;10000.0;
285.11084;10000.0;
285.1907;10000.0;
285.2707;10000.0;
285.36072;10000.0;
285.44077;10000.0;
285.52072;10000.0;
285.60074;10000.0;
285.69086;10000.0;
285.77072;10000.0;
285.85077;10000.0;
285.94073;10000.0;
286.0207;10000.0;
286.10074;10000.0;
286.19077;10000.0;
286.27072;10000.0;
286.3507;10000.0;
286.4407;10000.0;
286.5207;10000.0;
286.60074;10000.0;
286.6807;10000.0;
286.77075;10000.0;
286.8508;10000.0;
286.93073;10000.0;
287.02072;10000.0;
287.10086;10000.0;
287.18073;10000.0;
287.2707;10000.0;
287.35068;10000.0;
287.4307;10000.0;
287.52072;10000.0;
287.6008;10000.0;
287.6866;10000.0;
287.76077;10000.0;
287.85074;10000.0;
287.9307;10000.0;
288.0108;10000.0;
288.1007;10000.0;
288.1807;10000.0;
288.26074;10000.0;
288.35074;10000.0;
288.43073;10000.0;
288.5107;10000.0;
288.60074;10000.0;
288.6807;10000.0;
288.76068;10000.0;
288.9308;10000.0;
289.0107;10000.0;
289.0907;10000.0;
289.1809;10000.0;
289.26068;10000.0;
289.34073;10000.0;
289.43082;10000.0;
289.51074;10000.0;
289.5907;10000.0;
289.68073;10000.0;
289.76123;10000.0;
289.84113;10000.0;
289.9307;10000.0;
290.01068;10000.0;
290.09073;10000.0;
290.1707;10000.0;
290.2607;10000.0;
290.3409;10000.0;
290.42072;10000.0;
290.51138;10000.0;
290.5908;10000.0;
290.6707;10000.0;
290.76096;10000.0;
290.8407;10000.0;
290.92075;10000.0;
291.0107;10000.0;
291.09073;10000.0;
291.17072;10000.0;
291.2608;10000.0;
291.3407;10000.0;
291.42075;10000.0;
291.50076;10000.0;
291.5907;10000.0;
291.67075;10000.0;
291.75085;10000.0;
291.8407;10000.0;
291.92075;10000.0;
292.00067;10000.0;
292.09076;10000.0;
292.17072;10000.0;
292.251;10000.0;
292.34073;10000.0;
292.42075;10000.0;
292.5007;10000.0;
292.5807;10000.0;
292.6709;10000.0;
292.75067;10000.0;
292.83078;10000.0;
292.9208;10000.0;
293.00073;10000.0;
293.08072;10000.0;
293.17072;10000.0;
293.25076;10000.0;
293.3307;10000.0;
293.4207;10000.0;
293.5007;10000.0;
293.58075;10000.0;
293.6607;10000.0;
293.7507;10000.0;
293.83078;10000.0;
293.91074;10000.0;
294.00067;10000.0;
294.08078;10000.0;
294.1608;10000.0;
294.25073;10000.0;
294.3309;10000.0;
294.4107;10000.0;
294.5007;10000.0;
294.58075;10000.0;
294.66074;10000.0;
294.75073;10000.0;
294.83383;10000.0;
294.9107;10000.0;
294.99078;10000.0;
295.08072;10000.0;
295.1607;10000.0;
295.24078;10000.0;
295.3307;10000.0;
295.4107;10000.0;
295.49075;10000.0;
295.5807;10000.0;
295.6607;10000.0;
295.74072;10000.0;
295.82074;10000.0;
295.91077;10000.0;
295.99072;10000.0;
296.07092;10000.0;
296.161;10000.0;
296.2407;10000.0;
296.32068;10000.0;
296.41077;10000.0;
296.4907;10000.0;
296.5707;10000.0;
296.66074;10000.0;
296.74075;10000.0;
296.8233;10000.0;
296.90073;10000.0;
296.9907;10000.0;
297.0707;10000.0;
297.1507;10000.0;
297.24072;10000.0;
297.3208;10000.0;
297.4007;10000.0;
297.49088;10000.0;
297.5708;10000.0;
297.6507;10000.0;
297.74194;10000.0;
297.82074;10000.0;
297.90076;10000.0;
297.99072;10000.0;
298.0707;10000.0;
298.1507;10000.0;
298.23074;10000.0;
298.32077;10000.0;
298.4008;1000.0;
298.48087;1000.0;
298.57074;1000.0;
298.6507;1000.0;
298.7311;1000.0;
298.8207;1000.0;
298.9007;1000.0;
298.9808;1000.0;
299.0707;1000.0;
299.1507;1000.0;
299.23068;1000.0;
299.3108;10000.0;
299.40073;10000.0;
299.4807;1000.0;
299.5607;1000.0;
299.6508;1000.0;
299.73068;1000.0;
299.8109;1000.0;
299.9008;1000.0;
299.9807;1000.0;
300.0607;1000.0;
300.1507;10000.0;
300.23068;10000.0;
300.3109;1000.0;
300.39075;1000.0;
300.48068;10000.0;
300.5607;10000.0;
300.64075;10000.0;
300.73083;10000.0;
300.8108;10000.0;
300.8907;10000.0;
300.98077;10000.0;
301.06082;10000.0;
301.14072;10000.0;
301.2307;10000.0;
301.31076;10000.0;
301.39075;10000.0;
301.48068;1000.0;
301.56073;10000.0;
301.64072;10000.0;
301.7207;10000.0;
301.8107;10000.0;
301.89072;10000.0;
301.97086;10000.0;
302.0607;10000.0;
302.1449;10000.0;
302.2209;10000.0;
302.31088;10000.0;
302.39072;10000.0;
302.4708;10000.0;
302.56073;10000.0;
302.64072;10000.0;
302.7207;10000.0;
302.80075;10000.0;
302.89075;10000.0;
302.9707;10000.0;
303.05075;10000.0;
303.1408;10000.0;
303.2207;10000.0;
303.3007;10000.0;
303.39096;10000.0;
303.47073;10000.0;
303.55072;10000.0;
303.64078;10000.0;
303.72067;10000.0;
303.80725;10000.0;
303.88074;10000.0;
303.97083;10000.0;
304.0507;10000.0;
304.1307;10000.0;
304.2207;10000.0;
304.30078;10000.0;
304.3807;10000.0;
304.47067;10000.0;
304.55096;10000.0;
304.6307;10000.0;
304.72073;10000.0;
304.80814;10000.0;
304.88074;10000.0;
304.9607;10000.0;
305.05072;10000.0;
305.13074;10000.0;
305.21072;10000.0;
305.3007;10000.0;
305.38068;10000.0;
305.46075;10000.0;
305.55072;10000.0;
305.6307;10000.0;
305.7108;10000.0;
305.8007;10000.0;
305.8807;1000.0;
305.9608;1000.0;
306.05078;1000.0;
306.1307;10000.0;
306.21072;10000.0;
306.2907;10000.0;
306.38074;10000.0;
306.46072;16000.0;
306.54074;16000.0;
306.63083;16000.0;
306.71088;16000.0;
306.79138;16000.0;
306.88138;16000.0;
306.96072;16000.0;
307.0407;16000.0;
307.1307;16000.0;
307.21075;16000.0;
307.29074;16000.0;
307.37073;16000.0;
307.4607;16000.0;
307.54068;16000.0;
307.62073;16000.0;
307.71072;10000.0;
307.79086;10000.0;
307.87082;10000.0;
