Timestamp;Time;Longitude;Latitude;Altitude;Accuracy;Speed (m/s);Speed (km/h);Speed (mph);Speed (kts);
0.0;10:06:13;145.08240273222327;-37.88502006791532;73.5999755859375;10.0;0.0;0.0;0.0;0.0;
1.0;10:06:14;145.08240273222327;-37.88502006791532;73.5999755859375;10.0;0.0;0.0;0.0;0.0;
2.0;10:06:15;145.0824080966413;-37.88499626331031;70.29998779296875;10.0;1.0008;3.60288;2.2387295;1.9453951;
3.0000002;10:06:16;145.0824144668877;-37.88499039597809;69.70001220703125;10.0;0.8757;3.15252;1.9588883;1.7022207;
4.0;10:06:17;145.08241765201092;-37.884983690455556;69.0999755859375;10.0;0.37530002;1.3510801;0.8395236;0.7295232;
5.0;10:06:18;145.0824173167348;-37.88497912231833;68.5999755859375;10.0;0.37530002;1.3510801;0.8395236;0.7295232;
6.0000005;10:06:19;145.08241035975516;-37.88497053086758;68.20001220703125;10.0;0.93825;3.3776999;2.0988088;1.823808;
7.0000005;10:06:20;145.0824110303074;-37.88496684283018;67.70001220703125;10.0;0.6255;2.2518;1.3992059;1.2158719;
8.0;10:06:21;145.0824085995555;-37.884961226955056;67.20001220703125;10.0;0.93825;3.3776999;2.0988088;1.823808;
9.0;10:06:22;145.08240348659456;-37.884957999922335;67.0999755859375;10.0;0.56295;2.02662;1.2592853;1.0942848;
10.0;10:06:23;145.08239418268204;-37.88495913147926;67.0999755859375;10.0;0.8757;3.15252;1.9588883;1.7022207;
11.000001;10:06:24;145.0823798496276;-37.88495515007526;67.0999755859375;10.0;1.06335;3.8280597;2.37865;2.0669823;
12.000001;10:06:25;145.08237130008638;-37.88495276123285;67.20001220703125;10.0;0.31275;1.1259;0.69960296;0.60793597;
13.000001;10:06:26;145.08236962370574;-37.884954353794456;67.0;10.0;0.37530002;1.3510801;0.8395236;0.7295232;
14.000001;10:06:27;145.08238135837018;-37.884938260540366;64.9000244140625;10.0;1.3761;4.9539595;3.0782528;2.6749182;
15.000001;10:06:28;145.08238831534982;-37.8849219577387;64.5;10.0;1.6888499;6.0798597;3.7778559;3.282854;
16.0;10:06:29;145.08239208720624;-37.88490904960781;64.4000244140625;10.0;0.93825;3.3776999;2.0988088;1.823808;
17.0;10:06:30;145.08240181021392;-37.88489530328661;64.0999755859375;10.0;1.3761;4.9539595;3.0782528;2.6749182;
18.0;10:06:31;145.08240373805165;-37.88488226942718;64.0;10.0;1.5012001;5.4043202;3.3580945;2.9180927;
19.0;10:06:32;145.0824149698019;-37.884873216971755;63.9000244140625;10.0;1.3761;4.9539595;3.0782528;2.6749182;
20.0;10:06:33;145.08242636919022;-37.88486852310598;63.79998779296875;15.0;1.1259;4.05324;2.5185707;2.1885695;
21.000002;10:06:34;145.082439025864;-37.884867643006146;63.79998779296875;15.0;1.18845;4.27842;2.6584911;2.3101566;
22.000002;10:06:35;145.08244581520557;-37.884858129546046;63.79998779296875;15.0;1.31355;4.72878;2.9383323;2.5533311;
23.000002;10:06:36;145.08245687931776;-37.884845808148384;63.79998779296875;15.0;1.56375;5.6295;3.498015;3.03968;
24.000002;10:06:37;145.08246618323028;-37.88483746815473;63.70001220703125;15.0;1.0008;3.60288;2.2387295;1.9453951;
25.000002;10:06:38;145.08247925899923;-37.88482854142785;63.5;15.0;0.75060004;2.7021601;1.6790472;1.4590464;
26.000002;10:06:39;145.08250918239355;-37.88482665549964;63.29998779296875;15.0;1.18845;4.27842;2.6584911;2.3101566;
27.000002;10:06:40;145.0825510919094;-37.88483604323119;63.0999755859375;15.0;1.8139501;6.53022;4.0576973;3.5260286;
28.000002;10:06:41;145.08256936445832;-37.88483331911266;63.0999755859375;15.0;1.5012001;5.4043202;3.3580945;2.9180927;
29.000002;10:06:42;145.0826036464423;-37.88483046926558;63.0;15.0;1.8139501;6.53022;4.0576973;3.5260286;
30.000002;10:06:43;145.08262527175248;-37.884815339930356;62.70001220703125;15.0;1.8139501;6.53022;4.0576973;3.5260286;
31.000002;10:06:44;145.082650417462;-37.88479991722852;62.29998779296875;15.0;1.8765;6.7553997;4.1976175;3.647616;
32.0;10:06:45;145.08267480880022;-37.88478738628328;62.0;15.0;1.7514;6.30504;3.9177766;3.4044414;
33.0;10:06:46;145.0826914049685;-37.88477368187159;61.5999755859375;15.0;1.3761;4.9539595;3.0782528;2.6749182;
34.0;10:06:47;145.0827090907842;-37.8847639169544;61.4000244140625;15.0;1.5012001;5.4043202;3.3580945;2.9180927;
35.0;10:06:48;145.08272669278085;-37.884749374352396;61.20001220703125;15.0;1.93905;6.98058;4.3375382;3.769203;
36.0;10:06:49;145.08273901417851;-37.88473680149764;61.0;15.0;1.8139501;6.53022;4.0576973;3.5260286;
37.0;10:06:50;145.0827611424029;-37.88472678512335;60.70001220703125;15.0;1.7514;6.30504;3.9177766;3.4044414;
38.0;10:06:51;145.0827780738473;-37.88471961859614;60.5;15.0;1.8765;6.7553997;4.1976175;3.647616;
39.0;10:06:52;145.0827945023775;-37.88472158834338;60.70001220703125;15.0;1.6263;5.8546796;3.6379354;3.161267;
40.0;10:06:53;145.08280565030873;-37.884721462614834;60.9000244140625;15.0;1.31355;4.72878;2.9383323;2.5533311;
41.000004;10:06:54;145.08281436748803;-37.88471479900181;61.29998779296875;15.0;1.06335;3.8280597;2.37865;2.0669823;
42.000004;10:06:55;145.08282417431474;-37.88470461498946;61.9000244140625;15.0;1.6263;5.8546796;3.6379354;3.161267;
43.000004;10:06:56;145.08283180184662;-37.884691203944385;62.29998779296875;15.0;1.5012001;5.4043202;3.3580945;2.9180927;
44.000004;10:06:57;145.08283959701657;-37.88467791862786;62.79998779296875;15.0;1.43865;5.17914;3.2181737;2.7965055;
45.000004;10:06:58;145.08285334333777;-37.88466936908662;62.9000244140625;15.0;1.5012001;5.4043202;3.3580945;2.9180927;
46.000004;10:06:59;145.08287027478218;-37.884660358540714;62.79998779296875;15.0;1.7514;6.30504;3.9177766;3.4044414;
47.000004;10:07:00;145.08289433084428;-37.88464979734272;62.20001220703125;15.0;2.1267;7.6561193;4.7573;4.1339645;
48.000004;10:07:01;145.08291679434478;-37.88464120589197;62.0;10.0;2.0016;7.20576;4.477459;3.8907902;
49.000004;10:07:02;145.0829329714179;-37.88462222088128;61.79998779296875;10.0;2.1267;7.6561193;4.7573;4.1339645;
50.000004;10:07:03;145.08295057341456;-37.88460361305624;61.70001220703125;15.0;2.1267;7.6561193;4.7573;4.1339645;
51.000004;10:07:04;145.0829739589244;-37.884607343003154;60.79998779296875;15.0;2.06415;7.43094;4.6173797;4.0123777;
52.000004;10:07:05;145.08299784734845;-37.88459694944322;60.5;15.0;2.1267;7.6561193;4.7573;4.1339645;
53.000004;10:07:06;145.083017796278;-37.884582239203155;60.4000244140625;10.0;2.5645502;9.23238;5.7367444;4.9850755;
54.000004;10:07:07;145.0830296985805;-37.88457406684756;60.5;10.0;1.7514;6.30504;3.9177766;3.4044414;
55.000004;10:07:08;145.08303137496114;-37.884560991078615;60.4000244140625;10.0;1.6888499;6.0798597;3.7778559;3.282854;
56.000004;10:07:09;145.08303087204695;-37.88455399218947;60.0999755859375;10.0;1.251;4.5036;2.7984118;2.4317439;
57.000004;10:07:10;145.08303715847433;-37.8845453588292;60.5;10.0;1.3761;4.9539595;3.0782528;2.6749182;
58.000004;10:07:11;145.08304428309202;-37.88453890476376;60.70001220703125;10.0;1.06335;3.8280597;2.37865;2.0669823;
59.000004;10:07:12;145.0830558501184;-37.88453261833638;60.9000244140625;10.0;1.43865;5.17914;3.2181737;2.7965055;
60.000004;10:07:13;145.0830645672977;-37.88452775683254;60.9000244140625;10.0;1.3761;4.9539595;3.0782528;2.6749182;
61.000004;10:07:14;145.08307160809636;-37.88452159613371;60.70001220703125;10.0;1.251;4.5036;2.7984118;2.4317439;
62.000004;10:07:15;145.08308191783726;-37.8845194587484;60.5999755859375;10.0;1.251;4.5036;2.7984118;2.4317439;
63.000004;10:07:16;145.08309465833008;-37.88451862055808;60.4000244140625;10.0;0.93825;3.3776999;2.0988088;1.823808;
64.0;10:07:17;145.0831060577184;-37.8845168184489;60.0999755859375;10.0;1.06335;3.8280597;2.37865;2.0669823;
65.0;10:07:18;145.08311519399285;-37.88450692780316;60.0999755859375;10.0;1.3761;4.9539595;3.0782528;2.6749182;
66.0;10:07:19;145.0831282697618;-37.884497246704996;59.9000244140625;10.0;1.3761;4.9539595;3.0782528;2.6749182;
67.0;10:07:20;145.0831436086446;-37.88448899053037;59.9000244140625;10.0;1.6888499;6.0798597;3.7778559;3.282854;
68.0;10:07:21;145.0831594504416;-37.884481153450906;59.79998779296875;10.0;1.6888499;6.0798597;3.7778559;3.282854;
69.0;10:07:22;145.083165820688;-37.88447566330433;58.79998779296875;10.0;0.68805;2.4769797;1.5391264;1.3374591;
70.0;10:07:23;145.08317093364894;-37.88446987979114;58.5999755859375;10.0;0.8757;3.15252;1.9588883;1.7022207;
71.0;10:07:24;145.08318132720888;-37.88446656893939;58.5;10.0;0.8757;3.15252;1.9588883;1.7022207;
72.0;10:07:25;145.08318870328367;-37.88445743266493;58.29998779296875;10.0;0.93825;3.3776999;2.0988088;1.823808;
73.0;10:07:26;145.08319951593876;-37.88444620091468;58.0;10.0;1.18845;4.27842;2.6584911;2.3101566;
74.0;10:07:27;145.08321326225996;-37.88443710654974;57.9000244140625;10.0;1.1259;4.05324;2.5185707;2.1885695;
75.0;10:07:28;145.0832260865718;-37.884426629170775;57.79998779296875;10.0;1.6263;5.8546796;3.6379354;3.161267;
76.0;10:07:29;145.08323463611305;-37.88441112264991;57.70001220703125;10.0;1.8139501;6.53022;4.0576973;3.5260286;
77.0;10:07:30;145.08323438465595;-37.884399723261595;57.5999755859375;10.0;1.251;4.5036;2.7984118;2.4317439;
78.0;10:07:31;145.08322373963892;-37.88439012598246;57.5999755859375;10.0;1.0008;3.60288;2.2387295;1.9453951;
79.0;10:07:32;145.08321963250637;-37.88437449373305;57.70001220703125;10.0;1.06335;3.8280597;2.37865;2.0669823;
80.0;10:07:33;145.0832151900977;-37.884363303892314;57.5999755859375;10.0;1.06335;3.8280597;2.37865;2.0669823;
81.00001;10:07:34;145.08321091532707;-37.88435265887529;57.5;10.0;1.06335;3.8280597;2.37865;2.0669823;
82.00001;10:07:35;145.0832064729184;-37.884342265315354;57.5;10.0;1.1259;4.05324;2.5185707;2.1885695;
83.00001;10:07:36;145.08320295251906;-37.884329818189144;57.29998779296875;10.0;1.251;4.5036;2.7984118;2.4317439;
84.00001;10:07:37;145.08320001885295;-37.88431896362454;57.20001220703125;10.0;1.18845;4.27842;2.6584911;2.3101566;
85.00001;10:07:38;145.08319281041622;-37.88430995307863;57.0999755859375;10.0;1.31355;4.72878;2.9383323;2.5533311;
86.00001;10:07:39;145.0831787288189;-37.884299266152084;57.0999755859375;10.0;1.5012001;5.4043202;3.3580945;2.9180927;
87.00001;10:07:40;145.08316598832607;-37.88428572937846;57.0;10.0;1.3761;4.9539595;3.0782528;2.6749182;
88.00001;10:07:41;145.08315634913743;-37.88427428808063;56.9000244140625;10.0;1.18845;4.27842;2.6584911;2.3101566;
89.00001;10:07:42;145.08314327336848;-37.884263433516026;56.9000244140625;10.0;1.251;4.5036;2.7984118;2.4317439;
90.00001;10:07:43;145.08313128724694;-37.884250399656594;57.0;10.0;1.31355;4.72878;2.9383323;2.5533311;
91.00001;10:07:44;145.08312240242958;-37.88423786871135;56.9000244140625;10.0;1.5012001;5.4043202;3.3580945;2.9180927;
92.00001;10:07:45;145.08310697972775;-37.884229025803506;57.0;10.0;1.6263;5.8546796;3.6379354;3.161267;
93.00001;10:07:46;145.08309516124427;-37.884222068823874;57.29998779296875;10.0;1.31355;4.72878;2.9383323;2.5533311;
94.00001;10:07:47;145.08308711461723;-37.884212345816195;57.4000244140625;10.0;1.0008;3.60288;2.2387295;1.9453951;
95.00001;10:07:48;145.08307529613376;-37.88420735858381;57.0999755859375;10.0;0.75060004;2.7021601;1.6790472;1.4590464;
96.00001;10:07:49;145.08306188508868;-37.884203838184476;57.0999755859375;10.0;1.06335;3.8280597;2.37865;2.0669823;
97.00001;10:07:50;145.08304696530104;-37.88419801276177;57.0999755859375;10.0;1.3761;4.9539595;3.0782528;2.6749182;
98.00001;10:07:51;145.08303380571306;-37.8841888345778;57.0999755859375;10.0;1.5012001;5.4043202;3.3580945;2.9180927;
99.00001;10:07:52;145.0830175448209;-37.884177141822875;57.0;10.0;1.7514;6.30504;3.9177766;3.4044414;
100.00001;10:07:53;145.0830003619194;-37.88416360504925;57.0;10.0;1.8139501;6.53022;4.0576973;3.5260286;
101.00001;10:07:54;145.08298913016915;-37.88414776325226;56.9000244140625;10.0;2.0016;7.20576;4.477459;3.8907902;
102.00001;10:07:55;145.08297831751406;-37.88413447793573;56.9000244140625;10.0;1.6888499;6.0798597;3.7778559;3.282854;
103.00001;10:07:56;145.08296926505864;-37.88411922287196;56.9000244140625;10.0;1.7514;6.30504;3.9177766;3.4044414;
104.00001;10:07:57;145.0829242542386;-37.88412022870034;57.20001220703125;10.0;2.06415;7.43094;4.6173797;4.0123777;
105.00001;10:07:58;145.08287522010505;-37.88412689231336;57.5999755859375;10.0;2.9398499;10.583459;6.5762672;5.7145977;
106.00001;10:07:59;145.08283616043627;-37.88411901332438;57.5999755859375;10.0;3.69045;13.28562;8.255315;7.1736445;
107.00001;10:08:00;145.0828110985458;-37.884114906191826;57.5999755859375;10.0;2.68965;9.68274;6.0165854;5.2282495;
108.00001;10:08:01;145.08278410881758;-37.88411436136812;57.70001220703125;10.0;2.6271;9.45756;5.8766646;5.1066623;
109.00001;10:08:02;145.0827635731548;-37.88411700166762;58.0;10.0;2.68965;9.68274;6.0165854;5.2282495;
110.00001;10:08:03;145.08273649960756;-37.88411306217313;58.20001220703125;10.0;2.8773;10.35828;6.4363475;5.593011;
111.00001;10:08:04;145.08271428756416;-37.8841108828783;58.29998779296875;10.0;2.31435;8.331659;5.1770616;4.498726;
112.00001;10:08:05;145.0826977752149;-37.88410887122154;58.4000244140625;10.0;2.0016;7.20576;4.477459;3.8907902;
113.00001;10:08:06;145.08267799392343;-37.88410447072238;58.5;10.0;1.93905;6.98058;4.3375382;3.769203;
114.00001;10:08:07;145.08265770971775;-37.8841050574556;58.5;15.0;1.6263;5.8546796;3.6379354;3.161267;
115.00001;10:08:08;145.082631977275;-37.88410157896578;58.4000244140625;15.0;1.93905;6.98058;4.3375382;3.769203;
116.00001;10:08:09;145.08261194452643;-37.88409981876612;58.4000244140625;15.0;2.31435;8.331659;5.1770616;4.498726;
117.00001;10:08:10;145.08258478716016;-37.88409445434809;58.4000244140625;15.0;1.8765;6.7553997;4.1976175;3.647616;
118.00001;10:08:11;145.08256517350674;-37.884089718572795;58.29998779296875;10.0;1.6888499;6.0798597;3.7778559;3.282854;
119.00001;10:08:12;145.08255494758487;-37.8840807499364;58.0999755859375;10.0;1.5012001;5.4043202;3.3580945;2.9180927;
120.00001;10:08:13;145.0825436320156;-37.88407324813306;58.0;10.0;1.5012001;5.4043202;3.3580945;2.9180927;
121.00001;10:08:14;145.08253265172243;-37.88406520150602;57.9000244140625;10.0;1.5012001;5.4043202;3.3580945;2.9180927;
122.00001;10:08:15;145.08252292871475;-37.88405954372138;57.9000244140625;10.0;1.251;4.5036;2.7984118;2.4317439;
123.00001;10:08:16;145.08251597173512;-37.88405145518482;57.79998779296875;10.0;1.18845;4.27842;2.6584911;2.3101566;
124.00001;10:08:17;145.0825002975762;-37.88404625840485;57.79998779296875;10.0;1.56375;5.6295;3.498015;3.03968;
125.00001;10:08:18;145.0824826117605;-37.884043785743415;57.79998779296875;10.0;1.8765;6.7553997;4.1976175;3.647616;
126.00001;10:08:19;145.08245981298387;-37.88404097780585;58.0;10.0;1.5012001;5.4043202;3.3580945;2.9180927;
127.00001;10:08:20;145.08244497701526;-37.8840384632349;58.0;10.0;1.1259;4.05324;2.5185707;2.1885695;
128.0;10:08:21;145.08242988958955;-37.884042277000844;58.0999755859375;10.0;1.251;4.5036;2.7984118;2.4317439;
129.0;10:08:22;145.0824189092964;-37.884045294485986;58.20001220703125;10.0;1.31355;4.72878;2.9383323;2.5533311;
130.0;10:08:23;145.0824078451842;-37.88404705468565;58.20001220703125;10.0;1.0008;3.60288;2.2387295;1.9453951;
131.0;10:08:24;145.08239837363362;-37.884048856794834;58.20001220703125;10.0;0.81315;2.9273398;1.8189677;1.5806335;
132.0;10:08:25;145.08238739334047;-37.884046006947756;58.0999755859375;10.0;1.1259;4.05324;2.5185707;2.1885695;
133.0;10:08:26;145.08237565867603;-37.88404747378081;57.79998779296875;10.0;1.1259;4.05324;2.5185707;2.1885695;
134.0;10:08:27;145.0823576375842;-37.88404567167163;57.70001220703125;10.0;1.31355;4.72878;2.9383323;2.5533311;
135.0;10:08:28;145.0823391135782;-37.88404361810535;57.9000244140625;10.0;1.18845;4.27842;2.6584911;2.3101566;
136.0;10:08:29;145.08232000283897;-37.88404210936278;58.0;10.0;1.5012001;5.4043202;3.3580945;2.9180927;
137.0;10:08:30;145.08230332285166;-37.884037834592164;58.0;10.0;1.43865;5.17914;3.2181737;2.7965055;
138.0;10:08:31;145.08229267783463;-37.88403179962188;58.0999755859375;10.0;1.1259;4.05324;2.5185707;2.1885695;
139.0;10:08:32;145.0822833739221;-37.884025261737406;58.0999755859375;10.0;0.8757;3.15252;1.9588883;1.7022207;
140.0;10:08:33;145.08227021433413;-37.884024046361446;58.0;10.0;0.81315;2.9273398;1.8189677;1.5806335;
141.0;10:08:34;145.08224884048104;-37.884025890380144;58.0999755859375;10.0;1.3761;4.9539595;3.0782528;2.6749182;
142.0;10:08:35;145.08223308250308;-37.88402903359383;58.0;10.0;1.18845;4.27842;2.6584911;2.3101566;
143.0;10:08:36;145.0822228565812;-37.88403636775911;57.70001220703125;10.0;1.18845;4.27842;2.6584911;2.3101566;
144.0;10:08:37;145.08221372030675;-37.884047138504684;57.4000244140625;10.0;1.251;4.5036;2.7984118;2.4317439;
145.0;10:08:38;145.082201147452;-37.8840556461364;57.4000244140625;10.0;1.251;4.5036;2.7984118;2.4317439;
146.0;10:08:39;145.0821858085692;-37.88406029809266;57.70001220703125;10.0;0.93825;3.3776999;2.0988088;1.823808;
147.0;10:08:40;145.0821744929999;-37.884067757986486;57.79998779296875;10.0;1.251;4.5036;2.7984118;2.4317439;
148.0;10:08:41;145.08216267451644;-37.88407714571804;57.79998779296875;10.0;1.56375;5.6295;3.498015;3.03968;
149.0;10:08:42;145.08215010166168;-37.88408619817346;57.79998779296875;10.0;1.6888499;6.0798597;3.7778559;3.282854;
150.0;10:08:43;145.08213283494115;-37.88409495726228;57.70001220703125;10.0;1.7514;6.30504;3.9177766;3.4044414;
151.0;10:08:44;145.08211967535317;-37.88410363253206;57.79998779296875;10.0;1.251;4.5036;2.7984118;2.4317439;
152.0;10:08:45;145.08210743777454;-37.8841092903167;58.0;10.0;1.06335;3.8280597;2.37865;2.0669823;
153.0;10:08:46;145.08209763094783;-37.8841153671965;58.0999755859375;10.0;0.81315;2.9273398;1.8189677;1.5806335;
154.0;10:08:47;145.0820832978934;-37.88412274327129;58.20001220703125;10.0;0.93825;3.3776999;2.0988088;1.823808;
155.0;10:08:48;145.08206728845835;-37.884130077436566;58.0999755859375;10.0;1.0008;3.60288;2.2387295;1.9453951;
156.0;10:08:49;145.08205831982195;-37.88413581904024;58.0;10.0;0.43785;1.57626;0.97944415;0.85111034;
157.0;10:08:50;145.08205664344132;-37.88414084818214;58.0;10.0;0.2502;0.90072;0.55968237;0.48634878;
158.0;10:08:51;145.0820615887642;-37.88414319511503;58.0999755859375;10.0;0.0;0.0;0.0;0.0;
159.0;10:08:52;145.08206812664866;-37.88414805661887;57.70001220703125;10.0;0.0;0.0;0.0;0.0;
160.0;10:08:53;145.08206812664866;-37.88414805661887;57.70001220703125;10.0;0.0;0.0;0.0;0.0;
161.00002;10:08:54;145.08206812664866;-37.88414805661887;57.70001220703125;10.0;0.0;0.0;0.0;0.0;
162.00002;10:08:55;145.08206812664866;-37.88414805661887;57.70001220703125;10.0;0.0;0.0;0.0;0.0;
163.00002;10:08:56;145.08206812664866;-37.88414805661887;57.70001220703125;10.0;0.0;0.0;0.0;0.0;
164.00002;10:08:57;145.08206812664866;-37.88414805661887;57.70001220703125;5.0;0.0;0.0;0.0;0.0;
165.00002;10:08:58;145.08206812664866;-37.88414805661887;57.70001220703125;5.0;0.0;0.0;0.0;0.0;
166.00002;10:08:59;145.0820777658373;-37.884177351370454;57.20001220703125;10.0;0.93825;3.3776999;2.0988088;1.823808;
167.00002;10:09:00;145.0820732396096;-37.88418954703957;57.29998779296875;10.0;1.1259;4.05324;2.5185707;2.1885695;
168.00002;10:09:01;145.08207441307604;-37.88420756813139;57.0999755859375;10.0;1.6263;5.8546796;3.6379354;3.161267;
169.00002;10:09:02;145.082076927647;-37.88422475103289;56.9000244140625;10.0;1.56375;5.6295;3.498015;3.03968;
170.00002;10:09:03;145.08205781690776;-37.88423091173172;56.70001220703125;10.0;1.31355;4.72878;2.9383323;2.5533311;
171.00002;10:09:04;145.0820393767208;-37.88424231112003;56.5999755859375;10.0;1.3761;4.9539595;3.0782528;2.6749182;
172.00002;10:09:05;145.08201783522964;-37.884253920055926;56.5;10.0;1.43865;5.17914;3.2181737;2.7965055;
173.00002;10:09:06;145.0820021610707;-37.88426611572504;56.4000244140625;10.0;1.251;4.5036;2.7984118;2.4317439;
174.00002;10:09:07;145.08198908530176;-37.8842821251601;56.29998779296875;10.0;1.56375;5.6295;3.498015;3.03968;
175.00002;10:09:08;145.0819754227996;-37.88429394364357;56.0;10.0;1.6263;5.8546796;3.6379354;3.161267;
176.00002;10:09:09;145.08196653798223;-37.88430647458881;55.70001220703125;10.0;1.3761;4.9539595;3.0782528;2.6749182;
177.00002;10:09:10;145.08196025155485;-37.8843191312626;55.4000244140625;10.0;1.18845;4.27842;2.6584911;2.3101566;
178.00002;10:09:11;145.0819593295455;-37.88432956673205;55.20001220703125;10.0;1.43865;5.17914;3.2181737;2.7965055;
179.00002;10:09:12;145.08195790462196;-37.884336481802166;55.4000244140625;10.0;1.18845;4.27842;2.6584911;2.3101566;
180.00002;10:09:13;145.081955390051;-37.88434339687228;55.20001220703125;10.0;1.18845;4.27842;2.6584911;2.3101566;
181.00002;10:09:14;145.08195052854717;-37.88435555063188;55.20001220703125;10.0;1.5012001;5.4043202;3.3580945;2.9180927;
182.00002;10:09:15;145.0819434877485;-37.88436841685325;55.0;10.0;1.0008;3.60288;2.2387295;1.9453951;
183.00002;10:09:16;145.0819384586066;-37.884376253932714;54.79998779296875;10.0;0.75060004;2.7021601;1.6790472;1.4590464;
184.00002;10:09:17;145.08193829096854;-37.88438824005425;54.79998779296875;10.0;1.5012001;5.4043202;3.3580945;2.9180927;
185.00002;10:09:18;145.08193812333047;-37.88440353702754;54.79998779296875;10.0;1.3761;4.9539595;3.0782528;2.6749182;
186.00002;10:09:19;145.08193996734917;-37.884416403248906;54.70001220703125;10.0;1.5012001;5.4043202;3.3580945;2.9180927;
187.00002;10:09:20;145.08193753659725;-37.8844298562035;54.70001220703125;10.0;1.31355;4.72878;2.9383323;2.5533311;
188.00002;10:09:21;145.0819318369031;-37.884444734081626;54.70001220703125;10.0;1.43865;5.17914;3.2181737;2.7965055;
189.00002;10:09:22;145.0819249637425;-37.88446019869298;54.70001220703125;10.0;1.3761;4.9539595;3.0782528;2.6749182;
190.00002;10:09:23;145.08191901259124;-37.884472562000155;54.5999755859375;10.0;1.31355;4.72878;2.9383323;2.5533311;
191.00002;10:09:24;145.08191482163966;-37.884483584202826;54.5;10.0;1.31355;4.72878;2.9383323;2.5533311;
192.00002;10:09:25;145.08190996013582;-37.884490876458585;54.29998779296875;10.0;0.93825;3.3776999;2.0988088;1.823808;
193.00002;10:09:26;145.08190811611712;-37.8844985878095;54.20001220703125;10.0;0.93825;3.3776999;2.0988088;1.823808;
194.00002;10:09:27;145.08191079832613;-37.88451170548797;54.0;10.0;1.5012001;5.4043202;3.3580945;2.9180927;
195.00002;10:09:28;145.08191314525902;-37.88452582899481;53.79998779296875;10.0;1.6263;5.8546796;3.6379354;3.161267;
196.00002;10:09:29;145.08191591128707;-37.88453986868262;53.5999755859375;10.0;1.3761;4.9539595;3.0782528;2.6749182;
197.00002;10:09:30;145.08191322907805;-37.884552609175444;53.5;10.0;1.18845;4.27842;2.6584911;2.3101566;
198.00002;10:09:31;145.08190719410777;-37.88456409238279;53.4000244140625;10.0;1.251;4.5036;2.7984118;2.4317439;
199.00002;10:09:32;145.08190342225134;-37.884576539509;53.29998779296875;10.0;1.3761;4.9539595;3.0782528;2.6749182;
200.00002;10:09:33;145.0819035898894;-37.88458647206426;53.0;10.0;1.0008;3.60288;2.2387295;1.9453951;
201.00002;10:09:34;145.08190308697522;-37.88459703326225;53.0999755859375;10.0;1.3761;4.9539595;3.0782528;2.6749182;
202.00002;10:09:35;145.0819035898894;-37.88460839074105;53.29998779296875;10.0;1.251;4.5036;2.7984118;2.4317439;
203.00002;10:09:36;145.0819033384323;-37.8846230590716;53.29998779296875;10.0;1.31355;4.72878;2.9383323;2.5533311;
204.00002;10:09:37;145.08190501481295;-37.88463735021651;53.20001220703125;10.0;1.3761;4.9539595;3.0782528;2.6749182;
205.00002;10:09:38;145.0819045957178;-37.884651850908995;53.29998779296875;10.0;1.31355;4.72878;2.9383323;2.5533311;
206.00002;10:09:39;145.08190308697522;-37.88466547150165;53.20001220703125;10.0;1.1259;4.05324;2.5185707;2.1885695;
207.00002;10:09:40;145.08190006949008;-37.88467716425657;53.29998779296875;10.0;1.18845;4.27842;2.6584911;2.3101566;
208.00002;10:09:41;145.0819004047662;-37.88468801882118;53.29998779296875;10.0;1.1259;4.05324;2.5185707;2.1885695;
209.00002;10:09:42;145.08190006949008;-37.88470407016575;53.29998779296875;10.0;1.6263;5.8546796;3.6379354;3.161267;
210.00002;10:09:43;145.08189755491912;-37.88471798412502;53.0;10.0;1.06335;3.8280597;2.37865;2.0669823;
211.00002;10:09:44;145.0818969681859;-37.884730347432196;52.79998779296875;10.0;1.43865;5.17914;3.2181737;2.7965055;
212.00002;10:09:45;145.08189621381462;-37.88473994471133;52.5;10.0;1.06335;3.8280597;2.37865;2.0669823;
213.00002;10:09:46;145.08189319632947;-37.88475138600916;52.29998779296875;10.0;1.18845;4.27842;2.6584911;2.3101566;
214.00002;10:09:47;145.08189160376787;-37.88476337213069;52.20001220703125;10.0;1.18845;4.27842;2.6584911;2.3101566;
215.00002;10:09:48;145.08188397623599;-37.88477393332869;52.0999755859375;10.0;0.93825;3.3776999;2.0988088;1.823808;
216.00002;10:09:49;145.08187777362764;-37.884783782064915;52.0999755859375;10.0;1.18845;4.27842;2.6584911;2.3101566;
217.00002;10:09:50;145.08187140338123;-37.884792876429856;52.0999755859375;10.0;1.3761;4.9539595;3.0782528;2.6749182;
218.00002;10:09:51;145.0818644464016;-37.88480255752802;52.0999755859375;10.0;1.31355;4.72878;2.9383323;2.5533311;
219.00002;10:09:52;145.0818584114313;-37.88481785450131;52.29998779296875;10.0;1.6888499;6.0798597;3.7778559;3.282854;
220.00002;10:09:53;145.08184944279492;-37.88483189418912;52.20001220703125;10.0;1.43865;5.17914;3.2181737;2.7965055;
221.00002;10:09:54;145.08184391073883;-37.88484253920615;52.0999755859375;10.0;1.1259;4.05324;2.5185707;2.1885695;
222.00002;10:09:55;145.08184097707272;-37.88485058583319;52.0999755859375;10.0;1.0008;3.60288;2.2387295;1.9453951;
223.00002;10:09:56;145.08184215053916;-37.884859344922006;52.0;10.0;1.1259;4.05324;2.5185707;2.1885695;
224.00002;10:09:57;145.0818406417966;-37.88487183395773;51.79998779296875;10.0;1.31355;4.72878;2.9383323;2.5533311;
225.00002;10:09:58;145.08183686994016;-37.88488528691232;51.70001220703125;10.0;1.31355;4.72878;2.9383323;2.5533311;
226.00002;10:09:59;145.081831170246;-37.88489865604788;51.5999755859375;10.0;1.251;4.5036;2.7984118;2.4317439;
227.00002;10:10:00;145.08182236924767;-37.884910642169416;51.5999755859375;10.0;1.43865;5.17914;3.2181737;2.7965055;
228.00002;10:10:01;145.08181868121028;-37.88492246065289;51.79998779296875;10.0;1.3761;4.9539595;3.0782528;2.6749182;
229.00002;10:10:02;145.08181884884834;-37.88493457250297;51.9000244140625;10.0;1.3761;4.9539595;3.0782528;2.6749182;
230.00002;10:10:03;145.08181801065803;-37.884943038225174;52.0;10.0;1.06335;3.8280597;2.37865;2.0669823;
231.00002;10:10:04;145.08181893266737;-37.884949492290616;52.20001220703125;10.0;0.93825;3.3776999;2.0988088;1.823808;
232.00002;10:10:05;145.0818192679435;-37.884957706555724;52.29998779296875;10.0;1.18845;4.27842;2.6584911;2.3101566;
233.00002;10:10:06;145.0818163342774;-37.88496738765389;52.5999755859375;10.0;1.0008;3.60288;2.2387295;1.9453951;
234.00002;10:10:07;145.0818092096597;-37.884977110661566;53.0;10.0;1.251;4.5036;2.7984118;2.4317439;
235.00002;10:10:08;145.08180485107005;-37.88498649839312;53.20001220703125;10.0;1.0008;3.60288;2.2387295;1.9453951;
236.00002;10:10:09;145.0818009953946;-37.884996640495956;53.4000244140625;10.0;1.18845;4.27842;2.6584911;2.3101566;
237.00002;10:10:10;145.08179856464267;-37.88500791415572;53.5999755859375;10.0;1.251;4.5036;2.7984118;2.4317439;
238.00002;10:10:11;145.08179252967238;-37.885020319372416;53.79998779296875;10.0;1.3761;4.9539595;3.0782528;2.6749182;
239.00002;10:10:12;145.08179370313883;-37.885033059865236;54.0;10.0;1.7514;6.30504;3.9177766;3.4044414;
240.00002;10:10:13;145.08179621770978;-37.88504709955305;54.0;10.0;1.31355;4.72878;2.9383323;2.5533311;
241.00002;10:10:14;145.08179688826203;-37.88505611009896;54.0999755859375;10.0;0.93825;3.3776999;2.0988088;1.823808;
242.00002;10:10:15;145.08179697208107;-37.885065246373415;54.0999755859375;10.0;1.06335;3.8280597;2.37865;2.0669823;
243.00002;10:10:16;145.0817997381091;-37.88506851531565;54.0999755859375;10.0;0.18765001;0.67554003;0.4197618;0.3647616;
244.00002;10:10:17;145.0817991513759;-37.88506922777742;54.20001220703125;10.0;0.2502;0.90072;0.55968237;0.48634878;
245.00002;10:10:18;145.0818015821278;-37.885070317424834;54.20001220703125;10.0;0.0;0.0;0.0;0.0;
246.00002;10:10:19;145.0818015821278;-37.885070317424834;54.20001220703125;10.0;0.0;0.0;0.0;0.0;
247.00002;10:10:20;145.0818121433258;-37.88507178425789;53.70001220703125;10.0;0.56295;2.02662;1.2592853;1.0942848;
248.00002;10:10:21;145.08182681165636;-37.88507652003318;53.5999755859375;10.0;1.43865;5.17914;3.2181737;2.7965055;
249.00002;10:10:22;145.0818438269198;-37.88508565630764;53.79998779296875;10.0;1.6888499;6.0798597;3.7778559;3.282854;
250.00002;10:10:23;145.08186017163098;-37.885098522529006;53.9000244140625;10.0;1.8765;6.7553997;4.1976175;3.647616;
251.00002;10:10:24;145.08187492378056;-37.8851125203073;54.0;10.0;1.6263;5.8546796;3.6379354;3.161267;
252.00002;10:10:25;145.08188397623599;-37.885126057080925;54.0999755859375;10.0;1.1259;4.05324;2.5185707;2.1885695;
253.00002;10:10:26;145.08188925683498;-37.88513984531164;54.0999755859375;10.0;1.31355;4.72878;2.9383323;2.5533311;
254.00002;10:10:27;145.08189252577722;-37.885150322690606;54.0;10.0;1.06335;3.8280597;2.37865;2.0669823;
255.00002;10:10:28;145.08189294487238;-37.88515866268426;54.0999755859375;10.0;0.81315;2.9273398;1.8189677;1.5806335;
256.0;10:10:29;145.08189344778657;-37.88516846951097;54.0999755859375;10.0;1.0008;3.60288;2.2387295;1.9453951;
257.0;10:10:30;145.08189789019525;-37.88517722859979;54.20001220703125;10.0;1.0008;3.60288;2.2387295;1.9453951;
258.0;10:10:31;145.08190417662263;-37.885183808393776;54.20001220703125;10.0;0.93825;3.3776999;2.0988088;1.823808;
259.0;10:10:32;145.0819162465632;-37.88519156165421;54.29998779296875;10.0;1.18845;4.27842;2.6584911;2.3101566;
260.0;10:10:33;145.0819339323789;-37.88519713561982;54.29998779296875;10.0;1.43865;5.17914;3.2181737;2.7965055;
261.0;10:10:34;145.08195237256587;-37.88520363159478;54.29998779296875;10.0;1.18845;4.27842;2.6584911;2.3101566;
262.0;10:10:35;145.08196955546737;-37.88520874455571;54.20001220703125;10.0;1.43865;5.17914;3.2181737;2.7965055;
263.0;10:10:36;145.08198422379792;-37.885205475613475;54.20001220703125;10.0;1.06335;3.8280597;2.37865;2.0669823;
264.0;10:10:37;145.0819960422814;-37.88520015310496;54.0999755859375;10.0;1.06335;3.8280597;2.37865;2.0669823;
265.0;10:10:38;145.08200920186937;-37.88519093301147;54.0;10.0;1.6263;5.8546796;3.6379354;3.161267;
266.0;10:10:39;145.08202588185668;-37.88518133573234;53.9000244140625;10.0;1.6888499;6.0798597;3.7778559;3.282854;
267.0;10:10:40;145.0820431485772;-37.88517437875271;53.9000244140625;10.0;1.43865;5.17914;3.2181737;2.7965055;
268.0;10:10:41;145.08205857127905;-37.885169140063226;53.9000244140625;10.0;1.31355;4.72878;2.9383323;2.5533311;
269.0;10:10:42;145.08206963539124;-37.88516356609762;54.0999755859375;10.0;1.1259;4.05324;2.5185707;2.1885695;
270.0;10:10:43;145.08208187296987;-37.885156315751374;54.0;10.0;1.251;4.5036;2.7984118;2.4317439;
271.0;10:10:44;145.08209327235818;-37.885148017667234;54.0;10.0;1.18845;4.27842;2.6584911;2.3101566;
272.0;10:10:45;145.0821057613939;-37.88513812702149;54.0;10.0;1.6263;5.8546796;3.6379354;3.161267;
273.0;10:10:46;145.0821176636964;-37.885128571651876;54.0;10.0;1.1259;4.05324;2.5185707;2.1885695;
274.0;10:10:47;145.08213451132178;-37.885119980201125;54.0;10.0;1.8765;6.7553997;4.1976175;3.647616;
275.0;10:10:48;145.08215177804232;-37.88511293940246;54.0;10.0;1.5012001;5.4043202;3.3580945;2.9180927;
276.0;10:10:49;145.08216745220125;-37.88510690443218;53.9000244140625;10.0;1.43865;5.17914;3.2181737;2.7965055;
277.0;10:10:50;145.08218103088439;-37.88510627578944;53.9000244140625;10.0;0.93825;3.3776999;2.0988088;1.823808;
278.0;10:10:51;145.08219067007303;-37.885104808956385;53.9000244140625;10.0;0.81315;2.9273398;1.8189677;1.5806335;
279.0;10:10:52;145.0822008959949;-37.88510434795171;54.0;10.0;1.0008;3.60288;2.2387295;1.9453951;
280.0;10:10:53;145.08221019990742;-37.88510091137141;54.20001220703125;10.0;0.81315;2.9273398;1.8189677;1.5806335;
281.0;10:10:54;145.08221975527704;-37.885094541125;54.4000244140625;10.0;1.0008;3.60288;2.2387295;1.9453951;
282.0;10:10:55;145.08223375305533;-37.88508733268827;54.5;10.0;1.251;4.5036;2.7984118;2.4317439;
283.0;10:10:56;145.08224355988204;-37.885076981037855;54.5999755859375;10.0;0.81315;2.9273398;1.8189677;1.5806335;
284.0;10:10:57;145.0822516065091;-37.88506994023919;54.70001220703125;10.0;0.81315;2.9273398;1.8189677;1.5806335;
285.0;10:10:58;145.08225864730775;-37.885062312707305;54.70001220703125;10.0;1.0008;3.60288;2.2387295;1.9453951;
286.0;10:10:59;145.0822730641812;-37.885049865581095;54.9000244140625;10.0;1.56375;5.6295;3.498015;3.03968;
287.0;10:11:00;145.08229351602495;-37.88503456860781;55.0999755859375;10.0;1.251;4.5036;2.7984118;2.4317439;
288.0;10:11:01;145.08231564424932;-37.88502065464854;55.29998779296875;10.0;1.8139501;6.53022;4.0576973;3.5260286;
289.0;10:11:02;145.08233156986535;-37.88501139264554;55.29998779296875;10.0;1.43865;5.17914;3.2181737;2.7965055;
290.0;10:11:03;145.08234472945333;-37.885002507828176;55.4000244140625;10.0;1.5012001;5.4043202;3.3580945;2.9180927;
291.0;10:11:04;145.08235830813646;-37.884992491453886;55.5999755859375;10.0;1.6888499;6.0798597;3.7778559;3.282854;
292.0;10:11:05;145.08237616159022;-37.88498503156006;55.70001220703125;10.0;1.251;4.5036;2.7984118;2.4317439;
293.0;10:11:06;145.08239476941526;-37.88497933186591;56.0;10.0;1.251;4.5036;2.7984118;2.4317439;
294.0;10:11:07;145.0824085995555;-37.88497170433402;56.29998779296875;10.0;1.3761;4.9539595;3.0782528;2.6749182;
295.0;10:11:08;145.0824133772403;-37.88496533408761;56.4000244140625;10.0;1.0008;3.60288;2.2387295;1.9453951;
296.0;10:11:09;145.0824234355241;-37.88495959248394;56.79998779296875;10.0;0.75060004;2.7021601;1.6790472;1.4590464;
297.0;10:11:10;145.08242729119956;-37.884958921931684;56.79998779296875;10.0;0.43785;1.57626;0.97944415;0.85111034;
298.0;10:11:11;145.08242142386734;-37.88495996966958;56.9000244140625;10.0;0.37530002;1.3510801;0.8395236;0.7295232;
299.0;10:11:12;145.08241924457252;-37.88495917338878;56.9000244140625;10.0;0.18765001;0.67554003;0.4197618;0.3647616;
300.0;10:11:13;145.08241823874414;-37.88495766464621;56.9000244140625;10.0;0.1251;0.45036;0.27984118;0.24317439;
301.0;10:11:14;145.08241907693446;-37.884971243329346;56.9000244140625;10.0;0.81315;2.9273398;1.8189677;1.5806335;
302.0;10:11:15;145.0824054144323;-37.88498888723552;56.79998779296875;10.0;1.6888499;6.0798597;3.7778559;3.282854;
303.0;10:11:16;145.0824175681919;-37.88499186281115;56.70001220703125;10.0;0.37530002;1.3510801;0.8395236;0.7295232;
304.0;10:11:17;145.08242695592344;-37.88499697577208;56.70001220703125;15.0;0.5004;1.80144;1.1193647;0.97269756;
305.0;10:11:18;145.08243198506534;-37.88499911315739;56.79998779296875;15.0;0.06255;0.22518;0.13992059;0.121587195;
306.0;10:11:19;145.08243299089372;-37.8850012505427;56.79998779296875;15.0;0.1251;0.45036;0.27984118;0.24317439;
307.0;10:11:20;145.08244279772043;-37.88499752059579;56.9000244140625;15.0;0.0;0.0;0.0;0.0;
