unit -> SI (lux) 
Timestamp;lux;
0.097096995;16000.0;
0.21698;16000.0;
0.277136;16000.0;
0.396884;16000.0;
0.45694098;16000.0;
0.576846;16000.0;
0.636881;16000.0;
0.756827;16000.0;
0.87728196;16000.0;
0.93965495;16000.0;
1.056868;16000.0;
1.116823;16000.0;
1.2368469;16000.0;
1.29694;16000.0;
1.416924;16000.0;
1.536915;16000.0;
1.596839;16000.0;
1.716833;16000.0;
1.7768689;16000.0;
1.896881;16000.0;
1.956988;16000.0;
2.0768778;16000.0;
2.196842;16000.0;
2.296892;16000.0;
2.356965;16000.0;
2.487246;16000.0;
2.5469198;16000.0;
2.6672838;16000.0;
2.72684;16000.0;
2.8468227;16000.0;
2.906904;16000.0;
3.02683;16000.0;
3.146818;16000.0;
3.207066;10000.0;
3.3269408;10000.0;
3.3868568;10000.0;
3.5068429;10000.0;
3.6168318;10000.0;
3.676826;10000.0;
3.8068159;10000.0;
3.866914;10000.0;
3.996942;16000.0;
4.056856;16000.0;
4.17685;16000.0;
4.236858;16000.0;
4.35683;16000.0;
4.4171457;16000.0;
4.536881;16000.0;
4.5967937;16000.0;
4.7168503;16000.0;
4.836888;16000.0;
4.936819;16000.0;
4.9968247;16000.0;
5.1167936;16000.0;
5.176793;16000.0;
5.2968087;16000.0;
5.356843;16000.0;
5.476832;16000.0;
5.536795;16000.0;
5.6968203;16000.0;
5.756829;16000.0;
5.8168106;16000.0;
5.936817;16000.0;
6.05699;16000.0;
6.116826;16000.0;
6.236976;16000.0;
6.2968307;16000.0;
6.416895;16000.0;
6.476828;16000.0;
6.596894;16000.0;
6.716788;16000.0;
6.7767887;16000.0;
6.896945;16000.0;
6.9568105;16000.0;
7.0768533;16000.0;
7.136947;16000.0;
7.256787;16000.0;
7.3768234;16000.0;
7.436788;16000.0;
7.556884;16000.0;
7.616831;16000.0;
7.7667985;16000.0;
7.8269377;16000.0;
7.9468493;16000.0;
8.006809;16000.0;
8.12679;16000.0;
8.186802;16000.0;
8.336848;16000.0;
8.396854;16000.0;
8.456816;16000.0;
8.576819;16000.0;
8.696786;16000.0;
8.756795;16000.0;
8.8768;16000.0;
8.936837;16000.0;
9.056902;16000.0;
9.118498;16000.0;
9.2368;16000.0;
9.357079;16000.0;
9.416792;16000.0;
9.53682;16000.0;
9.597133;16000.0;
9.716797;16000.0;
9.836855;16000.0;
9.896878;16000.0;
10.016906;16000.0;
10.076803;16000.0;
10.196812;16000.0;
10.256834;16000.0;
10.3768215;16000.0;
10.49681;16000.0;
10.556994;16000.0;
10.676794;16000.0;
10.736808;16000.0;
10.856807;16000.0;
10.916835;16000.0;
11.0668545;16000.0;
11.126795;16000.0;
11.247043;16000.0;
11.306801;16000.0;
11.4268265;16000.0;
11.536789;16000.0;
11.59683;16000.0;
11.716818;16000.0;
11.776889;16000.0;
11.896822;16000.0;
11.956837;16000.0;
12.076795;16000.0;
12.136793;16000.0;
12.256794;16000.0;
12.376807;16000.0;
12.436796;16000.0;
12.556937;16000.0;
12.61699;16000.0;
12.736945;16000.0;
12.796823;16000.0;
12.91681;16000.0;
13.036791;16000.0;
13.096803;16000.0;
13.216789;16000.0;
13.276908;16000.0;
13.397006;16000.0;
13.45699;16000.0;
13.576906;16000.0;
13.697017;16000.0;
13.75679;16000.0;
13.876816;16000.0;
13.936822;16000.0;
14.056809;16000.0;
14.116927;16000.0;
14.236903;16000.0;
14.356787;16000.0;
14.416798;16000.0;
14.536816;16000.0;
14.596816;16000.0;
14.716809;16000.0;
14.776862;16000.0;
14.896817;16000.0;
15.016798;16000.0;
15.076823;16000.0;
15.197068;16000.0;
15.256792;16000.0;
15.3768015;16000.0;
15.436835;16000.0;
15.556819;16000.0;
15.6769495;16000.0;
15.736885;16000.0;
15.856816;16000.0;
15.9168825;16000.0;
16.036793;16000.0;
16.156872;16000.0;
16.216822;16000.0;
16.336792;16000.0;
16.396807;16000.0;
16.516796;16000.0;
16.576817;16000.0;
16.696878;10000.0;
16.816875;10000.0;
16.876791;10000.0;
16.99681;10000.0;
17.056858;10000.0;
17.176811;10000.0;
17.236874;10000.0;
17.357084;10000.0;
17.47904;10000.0;
17.53714;10000.0;
17.657072;10000.0;
17.716822;10000.0;
17.836824;10000.0;
17.958752;16000.0;
18.01682;16000.0;
18.13682;16000.0;
18.23682;16000.0;
18.296816;10000.0;
18.416805;10000.0;
18.476873;10000.0;
18.596838;10000.0;
18.65685;10000.0;
18.77679;10000.0;
18.839523;10000.0;
18.956804;10000.0;
19.086802;10000.0;
19.146896;16000.0;
19.266802;16000.0;
19.366829;16000.0;
19.426928;16000.0;
19.5572;16000.0;
19.61681;16000.0;
19.746809;16000.0;
19.806818;10000.0;
19.926805;10000.0;
19.986849;10000.0;
20.107033;10000.0;
20.216806;16000.0;
20.276834;16000.0;
20.397007;16000.0;
20.496803;16000.0;
20.59681;16000.0;
20.656992;16000.0;
20.787231;10000.0;
20.852394;10000.0;
20.966824;10000.0;
21.026821;10000.0;
21.146803;10000.0;
21.207039;10000.0;
21.34687;16000.0;
21.406824;16000.0;
21.526876;16000.0;
21.586954;16000.0;
21.72684;16000.0;
21.786814;16000.0;
21.912748;10000.0;
21.96681;10000.0;
22.086796;10000.0;
22.146841;10000.0;
22.266798;10000.0;
22.387108;16000.0;
22.44689;16000.0;
22.566868;16000.0;
22.62683;16000.0;
22.746788;16000.0;
22.857092;16000.0;
22.916834;10000.0;
23.036808;10000.0;
23.096832;10000.0;
23.216824;10000.0;
23.276808;10000.0;
23.426832;16000.0;
23.48683;16000.0;
23.606823;16000.0;
23.666908;16000.0;
23.787182;16000.0;
23.846838;16000.0;
23.996862;10000.0;
24.056822;10000.0;
24.116787;10000.0;
24.236809;10000.0;
24.35691;10000.0;
24.466864;16000.0;
24.526812;16000.0;
24.646814;16000.0;
24.706789;16000.0;
24.826859;16000.0;
24.887173;16000.0;
25.027477;10000.0;
25.086805;10000.0;
25.206907;10000.0;
25.266811;10000.0;
25.3868;10000.0;
25.506802;16000.0;
25.56793;16000.0;
25.626863;16000.0;
25.7468;16000.0;
25.866808;16000.0;
25.926805;16000.0;
26.066795;10000.0;
26.126911;10000.0;
26.246918;10000.0;
26.306818;10000.0;
26.446789;10000.0;
26.506813;16000.0;
26.626871;16000.0;
26.686808;16000.0;
26.806952;16000.0;
26.866867;16000.0;
26.986828;16000.0;
27.046793;16000.0;
27.166798;16000.0;
27.286821;16000.0;
27.347073;16000.0;
27.466818;16000.0;
27.52681;16000.0;
27.646835;16000.0;
27.706877;16000.0;
27.82686;16000.0;
27.89065;16000.0;
28.006817;16000.0;
28.126797;16000.0;
28.186811;16000.0;
28.306902;16000.0;
28.366825;16000.0;
28.486794;16000.0;
28.606796;16000.0;
28.66681;16000.0;
28.78682;16000.0;
28.84714;16000.0;
28.966818;16000.0;
29.026815;16000.0;
29.146801;16000.0;
29.266891;16000.0;
29.327105;16000.0;
29.446806;16000.0;
29.506815;16000.0;
29.6268;16000.0;
29.686787;16000.0;
29.80724;16000.0;
29.927757;16000.0;
29.986801;16000.0;
30.106787;16000.0;
30.166803;16000.0;
30.286816;16000.0;
30.347147;16000.0;
30.466803;16000.0;
30.586855;16000.0;
30.646795;16000.0;
30.766903;16000.0;
30.8268;16000.0;
30.95072;16000.0;
31.006805;16000.0;
31.127672;16000.0;
31.246803;16000.0;
31.306875;16000.0;
31.446857;16000.0;
31.50681;16000.0;
31.626823;16000.0;
31.6868;16000.0;
31.806803;16000.0;
31.916794;16000.0;
31.977747;16000.0;
32.096832;16000.0;
32.157433;16000.0;
32.29679;16000.0;
32.35682;10000.0;
32.477737;10000.0;
32.53693;10000.0;
32.656902;10000.0;
32.716892;10000.0;
32.836807;10000.0;
32.896812;10000.0;
33.04679;16000.0;
33.106792;16000.0;
33.22695;16000.0;
33.33683;16000.0;
33.396797;16000.0;
33.46009;16000.0;
33.576805;10000.0;
33.696823;10000.0;
33.757057;10000.0;
33.87681;10000.0;
33.936836;10000.0;
34.086823;16000.0;
34.146816;16000.0;
34.2681;16000.0;
34.326813;16000.0;
34.466812;16000.0;
34.526833;10000.0;
34.646828;10000.0;
34.707935;10000.0;
34.826862;10000.0;
34.886818;10000.0;
35.006824;10000.0;
35.12686;16000.0;
35.18681;16000.0;
35.30687;16000.0;
35.366787;16000.0;
35.506798;16000.0;
35.566795;10000.0;
35.68681;10000.0;
35.746815;10000.0;
35.86684;10000.0;
35.92687;10000.0;
36.0468;10000.0;
36.166832;16000.0;
36.2269;16000.0;
36.356853;16000.0;
36.416805;16000.0;
36.53682;16000.0;
36.596813;16000.0;
36.716812;16000.0;
36.776833;16000.0;
36.896935;16000.0;
36.956825;16000.0;
37.076805;10000.0;
37.197105;10000.0;
37.256794;10000.0;
37.376907;10000.0;
37.43689;10000.0;
37.55682;10000.0;
37.6168;10000.0;
37.737057;10000.0;
37.856968;10000.0;
37.91683;10000.0;
38.036945;10000.0;
38.09956;10000.0;
38.216915;10000.0;
38.27687;10000.0;
38.397102;10000.0;
38.516815;10000.0;
38.576824;10000.0;
38.696808;10000.0;
38.75684;10000.0;
38.87683;10000.0;
38.936928;10000.0;
39.056805;10000.0;
39.17683;10000.0;
39.236786;10000.0;
39.35688;10000.0;
39.416798;10000.0;
39.536804;10000.0;
39.65681;16000.0;
39.75688;16000.0;
39.81682;16000.0;
39.93679;16000.0;
40.036873;16000.0;
40.096806;16000.0;
40.216805;16000.0;
40.27681;16000.0;
40.396793;16000.0;
40.456867;16000.0;
40.606792;16000.0;
40.666798;10000.0;
40.786816;10000.0;
40.84711;10000.0;
40.967026;10000.0;
41.076813;16000.0;
41.136936;16000.0;
41.25687;16000.0;
41.31679;16000.0;
41.43679;16000.0;
41.49679;16000.0;
41.616817;16000.0;
41.676987;16000.0;
41.796844;16000.0;
41.916798;16000.0;
41.97683;16000.0;
42.096897;16000.0;
42.15695;16000.0;
42.276794;16000.0;
42.336792;16000.0;
42.456894;16000.0;
42.586803;16000.0;
42.64681;10000.0;
42.766853;10000.0;
42.826862;10000.0;
42.946983;10000.0;
43.00683;10000.0;
43.12687;10000.0;
43.246803;16000.0;
43.307037;16000.0;
43.436882;16000.0;
43.496822;10000.0;
43.6168;10000.0;
43.676926;10000.0;
43.796795;10000.0;
43.85725;10000.0;
43.976868;10000.0;
44.036797;10000.0;
44.186836;16000.0;
44.24681;16000.0;
44.36679;16000.0;
44.426823;16000.0;
44.567062;16000.0;
44.6268;10000.0;
44.746857;10000.0;
44.807575;10000.0;
44.926826;10000.0;
44.98679;10000.0;
45.106796;10000.0;
45.226925;16000.0;
45.286804;16000.0;
45.406845;16000.0;
45.466824;16000.0;
45.586803;16000.0;
45.696846;10000.0;
45.75692;10000.0;
45.876785;10000.0;
45.936806;10000.0;
46.05682;10000.0;
46.11681;10000.0;
46.266792;16000.0;
46.326897;16000.0;
46.44687;16000.0;
46.50681;16000.0;
46.64681;16000.0;
46.706863;10000.0;
46.826828;10000.0;
46.888386;10000.0;
47.00682;10000.0;
47.06679;10000.0;
47.1868;10000.0;
47.306793;16000.0;
47.366795;16000.0;
47.486805;16000.0;
47.546886;16000.0;
47.686825;16000.0;
47.74688;10000.0;
47.86684;10000.0;
47.92682;10000.0;
48.04681;10000.0;
48.106808;10000.0;
48.24681;16000.0;
48.306793;16000.0;
48.42679;16000.0;
48.486904;16000.0;
48.60682;16000.0;
48.72701;10000.0;
48.786804;10000.0;
48.907227;10000.0;
48.966805;10000.0;
49.08682;10000.0;
49.147034;10000.0;
49.28679;16000.0;
49.346806;16000.0;
49.466854;16000.0;
49.526794;16000.0;
49.66682;16000.0;
49.727337;10000.0;
49.847008;10000.0;
49.906815;10000.0;
50.026802;10000.0;
50.0868;10000.0;
50.206787;10000.0;
50.326805;16000.0;
50.38679;16000.0;
50.50679;16000.0;
50.566784;16000.0;
50.68694;16000.0;
50.796795;16000.0;
50.857025;10000.0;
50.976818;10000.0;
51.036823;10000.0;
51.156815;10000.0;
51.21723;10000.0;
51.367012;16000.0;
51.426785;16000.0;
51.547497;16000.0;
51.646843;16000.0;
51.706814;10000.0;
51.826836;10000.0;
51.886787;10000.0;
52.006805;10000.0;
52.066803;10000.0;
52.18691;10000.0;
52.3069;10000.0;
52.3668;10000.0;
52.49686;16000.0;
52.556843;16000.0;
52.68683;16000.0;
52.746834;10000.0;
52.86689;10000.0;
53.04689;10000.0;
53.106873;10000.0;
53.226788;10000.0;
53.286785;10000.0;
53.407104;10000.0;
53.52682;10000.0;
53.586792;10000.0;
53.706806;10000.0;
53.766808;10000.0;
53.88781;10000.0;
54.006794;10000.0;
54.06679;10000.0;
54.186836;10000.0;
54.246796;10000.0;
54.36698;10000.0;
54.426933;10000.0;
54.546787;10000.0;
54.666866;10000.0;
54.726826;10000.0;
54.84679;10000.0;
54.90687;10000.0;
55.026855;10000.0;
55.086823;10000.0;
55.206818;10000.0;
55.326824;10000.0;
55.386852;10000.0;
55.506874;10000.0;
55.56681;10000.0;
55.686794;10000.0;
55.74679;10000.0;
55.866932;10000.0;
55.98686;10000.0;
56.046795;10000.0;
56.166786;10000.0;
56.226795;10000.0;
56.346832;10000.0;
56.406883;10000.0;
56.526814;10000.0;
56.64681;10000.0;
56.706787;10000.0;
56.84687;16000.0;
56.93687;10000.0;
56.996815;10000.0;
57.116802;10000.0;
57.176796;10000.0;
57.317066;16000.0;
57.376842;16000.0;
57.496876;16000.0;
57.59679;16000.0;
57.656784;16000.0;
57.786896;16000.0;
57.887978;16000.0;
57.946804;10000.0;
58.06682;10000.0;
58.126804;10000.0;
58.24683;10000.0;
58.30696;10000.0;
58.44703;16000.0;
58.506813;16000.0;
58.63681;16000.0;
58.73699;16000.0;
58.79684;16000.0;
58.926792;16000.0;
58.987247;10000.0;
59.106792;10000.0;
59.16691;10000.0;
59.287914;10000.0;
59.346817;10000.0;
59.46678;10000.0;
59.586796;16000.0;
59.64681;16000.0;
59.766808;16000.0;
59.82687;16000.0;
59.966816;16000.0;
60.0268;10000.0;
60.08693;10000.0;
60.20689;10000.0;
60.326817;10000.0;
60.3868;10000.0;
60.506977;10000.0;
60.56679;10000.0;
60.6868;10000.0;
60.816807;16000.0;
60.87688;16000.0;
60.996815;16000.0;
61.05682;16000.0;
61.177143;16000.0;
61.23681;16000.0;
61.356792;16000.0;
61.416794;16000.0;
61.536884;16000.0;
61.656815;16000.0;
61.756947;16000.0;
61.856995;16000.0;
61.916813;16000.0;
61.97686;16000.0;
62.09679;16000.0;
62.216827;16000.0;
62.27701;16000.0;
62.39687;16000.0;
62.45679;16000.0;
62.57681;16000.0;
62.70682;16000.0;
62.766834;16000.0;
62.826824;16000.0;
62.946888;16000.0;
63.076874;16000.0;
63.176796;16000.0;
63.236874;16000.0;
63.356937;16000.0;
63.416794;16000.0;
63.53701;16000.0;
63.59683;16000.0;
63.716812;16000.0;
63.776894;10000.0;
63.89691;10000.0;
64.02681;16000.0;
64.08679;16000.0;
64.20679;16000.0;
64.30692;16000.0;
64.40679;16000.0;
64.466965;16000.0;
64.587074;16000.0;
64.646835;16000.0;
64.76681;16000.0;
64.826805;16000.0;
64.946785;16000.0;
65.00692;16000.0;
65.12714;16000.0;
65.2468;16000.0;
65.30698;16000.0;
65.42681;16000.0;
65.48679;16000.0;
65.60679;16000.0;
65.66683;16000.0;
65.78682;16000.0;
65.90687;16000.0;
65.966835;16000.0;
66.086876;16000.0;
66.1468;16000.0;
66.26684;16000.0;
66.32684;16000.0;
66.446815;16000.0;
66.5668;16000.0;
66.62686;16000.0;
66.746864;16000.0;
66.806915;16000.0;
66.926796;16000.0;
66.98679;16000.0;
67.106895;16000.0;
67.22682;16000.0;
67.28679;16000.0;
67.40679;16000.0;
67.4669;16000.0;
67.586975;16000.0;
67.64685;16000.0;
67.766815;16000.0;
67.88992;16000.0;
67.94682;16000.0;
68.06679;16000.0;
68.126854;16000.0;
68.24686;16000.0;
68.30679;16000.0;
68.42682;16000.0;
68.54721;16000.0;
68.60707;16000.0;
68.72681;16000.0;
68.78688;16000.0;
68.90681;16000.0;
69.0368;16000.0;
69.09688;16000.0;
69.15679;16000.0;
69.2768;16000.0;
69.40679;16000.0;
69.46682;16000.0;
69.58682;16000.0;
69.64697;16000.0;
69.76698;16000.0;
69.88858;16000.0;
69.97684;16000.0;
70.0668;16000.0;
70.12681;16000.0;
70.246826;16000.0;
70.30686;16000.0;
70.44695;16000.0;
70.506805;16000.0;
70.6268;16000.0;
70.6868;16000.0;
70.806816;16000.0;
70.866936;16000.0;
70.98687;16000.0;
71.04679;16000.0;
71.206795;16000.0;
71.26694;16000.0;
71.39686;16000.0;
71.4568;16000.0;
71.57686;16000.0;
71.63681;16000.0;
71.75682;16000.0;
71.817;16000.0;
71.936844;16000.0;
71.99679;16000.0;
72.11681;16000.0;
72.246796;16000.0;
72.306816;16000.0;
72.43681;16000.0;
72.49706;16000.0;
72.616806;16000.0;
72.6768;16000.0;
72.796814;16000.0;
72.85685;16000.0;
72.97679;16000.0;
73.036865;16000.0;
73.15679;16000.0;
73.27683;16000.0;
73.3368;16000.0;
73.45697;16000.0;
73.51688;16000.0;
73.65684;16000.0;
73.756874;16000.0;
73.81679;16000.0;
73.93683;16000.0;
73.997025;16000.0;
74.1168;16000.0;
74.17679;16000.0;
74.29679;16000.0;
74.356804;16000.0;
74.47682;16000.0;
74.596825;16000.0;
74.65683;16000.0;
74.77695;16000.0;
74.8368;16000.0;
74.95687;16000.0;
75.016785;16000.0;
75.136826;16000.0;
75.25683;16000.0;
75.3168;16000.0;
75.440025;16000.0;
75.49691;16000.0;
75.61682;16000.0;
75.67687;16000.0;
75.79707;16000.0;
75.91689;16000.0;
75.97681;16000.0;
76.096825;16000.0;
76.15679;16000.0;
76.27681;16000.0;
76.33679;16000.0;
76.45695;16000.0;
76.57687;16000.0;
76.63682;16000.0;
76.756905;16000.0;
76.8168;16000.0;
76.936905;16000.0;
77.0568;16000.0;
77.11679;16000.0;
77.23682;16000.0;
77.29679;16000.0;
77.41726;16000.0;
77.47683;16000.0;
77.596794;16000.0;
77.71679;16000.0;
77.7768;16000.0;
77.8968;16000.0;
77.95687;16000.0;
78.07688;16000.0;
78.13679;16000.0;
78.25679;16000.0;
78.37679;16000.0;
78.4368;16000.0;
78.55679;16000.0;
78.61682;16000.0;
78.73684;16000.0;
78.79681;16000.0;
78.91695;16000.0;
79.03687;16000.0;
79.097084;16000.0;
79.21681;16000.0;
79.276794;16000.0;
79.398605;16000.0;
79.45693;16000.0;
79.57684;16000.0;
79.69686;16000.0;
79.75683;16000.0;
79.87683;16000.0;
79.93683;16000.0;
80.05698;16000.0;
80.11684;16000.0;
80.23679;16000.0;
80.35682;16000.0;
80.416885;16000.0;
80.53685;16000.0;
80.59681;16000.0;
80.716805;16000.0;
80.77681;16000.0;
80.896835;16000.0;
81.01961;16000.0;
81.07713;16000.0;
81.196815;16000.0;
81.256905;16000.0;
81.37685;16000.0;
81.4979;16000.0;
81.55682;16000.0;
81.676796;16000.0;
81.73679;16000.0;
81.85679;16000.0;
81.916916;16000.0;
82.03686;16000.0;
82.1568;16000.0;
82.21683;16000.0;
82.3368;16000.0;
82.39679;16000.0;
82.51688;16000.0;
82.5769;16000.0;
82.69684;16000.0;
82.816795;16000.0;
82.876816;16000.0;
82.99692;16000.0;
83.056885;16000.0;
83.17685;16000.0;
83.23679;16000.0;
83.356834;16000.0;
83.4768;16000.0;
83.53716;16000.0;
83.66468;16000.0;
83.71681;16000.0;
83.83681;16000.0;
83.89682;16000.0;
84.01688;16000.0;
84.13682;16000.0;
84.19681;16000.0;
84.316826;16000.0;
84.37687;16000.0;
84.496895;16000.0;
84.55679;16000.0;
84.6768;16000.0;
84.7968;16000.0;
84.856834;16000.0;
84.97683;16000.0;
85.086845;16000.0;
85.1468;16000.0;
85.276794;16000.0;
85.33681;16000.0;
85.45687;16000.0;
85.51684;16000.0;
85.6368;16000.0;
85.696815;16000.0;
85.816795;16000.0;
85.936806;16000.0;
85.99703;16000.0;
86.11679;16000.0;
86.22684;16000.0;
86.286934;16000.0;
86.407036;16000.0;
86.4668;16000.0;
86.58689;16000.0;
86.64683;16000.0;
86.76679;16000.0;
86.826836;16000.0;
86.97683;16000.0;
87.03685;16000.0;
87.1568;16000.0;
87.21689;16000.0;
87.35736;16000.0;
87.417076;16000.0;
87.536804;16000.0;
87.6469;16000.0;
87.70679;16000.0;
87.82687;16000.0;
87.88685;16000.0;
88.0068;16000.0;
88.06679;16000.0;
88.186966;16000.0;
88.24682;16000.0;
88.36681;16000.0;
88.4868;16000.0;
88.54688;16000.0;
88.66681;16000.0;
88.72725;16000.0;
88.84682;16000.0;
88.96682;16000.0;
89.0268;16000.0;
89.146935;16000.0;
89.20682;16000.0;
89.32679;16000.0;
89.43683;16000.0;
89.4968;16000.0;
89.6168;16000.0;
89.67717;16000.0;
89.7968;16000.0;
89.85681;16000.0;
90.00697;16000.0;
90.06682;16000.0;
90.19016;16000.0;
90.24679;16000.0;
90.386795;16000.0;
90.47684;16000.0;
90.5768;16000.0;
90.636925;16000.0;
90.69688;16000.0;
90.816795;16000.0;
90.93944;16000.0;
90.99679;16000.0;
91.13685;16000.0;
91.23681;16000.0;
91.32689;16000.0;
91.42683;16000.0;
91.48681;16000.0;
91.60681;16000.0;
91.66683;16000.0;
91.78698;16000.0;
91.84924;16000.0;
91.986855;16000.0;
92.0468;16000.0;
92.16682;16000.0;
92.22679;10000.0;
92.3468;10000.0;
92.40715;10000.0;
92.5269;10000.0;
92.58696;10000.0;
92.706795;10000.0;
92.82697;10000.0;
92.88857;10000.0;
93.00681;10000.0;
93.06681;10000.0;
93.21694;16000.0;
93.27683;16000.0;
93.39679;16000.0;
93.456795;16000.0;
93.577034;16000.0;
93.63696;16000.0;
93.75702;16000.0;
93.81678;16000.0;
93.93679;16000.0;
94.05685;16000.0;
94.1168;16000.0;
94.256805;16000.0;
94.31689;16000.0;
94.4368;16000.0;
94.49679;16000.0;
94.61679;16000.0;
94.72691;16000.0;
94.78683;16000.0;
94.90683;16000.0;
94.966866;16000.0;
95.08683;16000.0;
95.14683;16000.0;
95.2968;16000.0;
95.35679;16000.0;
95.47679;16000.0;
95.57681;16000.0;
95.637;16000.0;
95.75685;16000.0;
95.81689;16000.0;
95.93686;16000.0;
95.99681;16000.0;
96.1168;16000.0;
96.23691;16000.0;
96.33679;16000.0;
96.396805;10000.0;
96.51683;10000.0;
96.57681;10000.0;
96.71682;16000.0;
96.77697;16000.0;
96.89685;16000.0;
96.956795;16000.0;
97.07682;16000.0;
97.136795;16000.0;
97.2568;16000.0;
97.37679;10000.0;
97.43685;10000.0;
97.56681;16000.0;
97.626854;16000.0;
97.75685;16000.0;
97.84683;16000.0;
97.90679;16000.0;
98.026794;16000.0;
98.08679;16000.0;
98.2068;16000.0;
98.26702;16000.0;
98.41689;16000.0;
98.47679;16000.0;
98.59684;16000.0;
98.65679;16000.0;
98.77683;16000.0;
98.88791;16000.0;
98.94692;16000.0;
99.06679;16000.0;
99.12682;16000.0;
99.24688;16000.0;
99.30683;16000.0;
99.426865;16000.0;
99.546844;16000.0;
99.606804;16000.0;
99.726814;16000.0;
99.78689;16000.0;
99.92723;16000.0;
99.986824;16000.0;
100.10685;16000.0;
100.16683;16000.0;
100.28679;16000.0;
100.34682;16000.0;
100.49679;10000.0;
100.55684;10000.0;
100.676796;10000.0;
100.736885;10000.0;
100.85715;10000.0;
100.966835;16000.0;
101.026794;16000.0;
101.147;16000.0;
101.206795;16000.0;
101.326805;16000.0;
101.386795;16000.0;
101.50686;16000.0;
101.56706;16000.0;
101.68689;16000.0;
101.80694;16000.0;
101.8668;16000.0;
101.98681;16000.0;
102.0468;16000.0;
102.1668;16000.0;
102.22692;16000.0;
102.346825;16000.0;
102.4668;16000.0;
102.57679;16000.0;
102.636925;16000.0;
102.75687;10000.0;
102.8168;10000.0;
102.93713;10000.0;
102.99683;10000.0;
103.11682;10000.0;
103.17687;10000.0;
103.29681;10000.0;
103.41681;10000.0;
103.47683;10000.0;
103.59694;10000.0;
103.656815;10000.0;
103.77682;10000.0;
103.83681;10000.0;
103.95682;10000.0;
104.07771;10000.0;
104.13827;10000.0;
104.25687;10000.0;
104.3168;10000.0;
104.4368;10000.0;
104.49679;10000.0;
104.6168;10000.0;
104.74269;10000.0;
104.7968;10000.0;
104.916824;10000.0;
104.97682;10000.0;
105.09688;10000.0;
105.21689;10000.0;
105.27679;10000.0;
105.396805;10000.0;
105.45683;10000.0;
105.57682;10000.0;
105.63693;10000.0;
105.75712;10000.0;
105.87686;10000.0;
105.93683;10000.0;
106.05684;10000.0;
106.116905;10000.0;
106.2368;10000.0;
106.29682;10000.0;
106.416824;10000.0;
106.53682;10000.0;
106.59693;10000.0;
106.71691;10000.0;
106.776886;10000.0;
106.896835;10000.0;
106.95681;10000.0;
107.076805;10000.0;
107.1968;10000.0;
107.25687;10000.0;
107.37681;10000.0;
107.43682;10000.0;
107.556885;10000.0;
107.61682;10000.0;
107.73685;10000.0;
107.856865;10000.0;
107.916824;10000.0;
108.0368;10000.0;
108.096954;10000.0;
108.21689;10000.0;
108.27687;10000.0;
108.39681;10000.0;
108.51701;10000.0;
108.57681;10000.0;
108.69682;10000.0;
108.75686;10000.0;
108.876915;10000.0;
108.9968;10000.0;
109.05681;10000.0;
109.17702;10000.0;
109.2368;10000.0;
109.35682;10000.0;
109.416824;10000.0;
109.536804;10000.0;
109.656815;10000.0;
109.71687;10000.0;
109.83682;10000.0;
110.04681;10000.0;
110.13692;10000.0;
110.19679;10000.0;
110.31682;10000.0;
110.376884;10000.0;
110.4968;10000.0;
110.55682;10000.0;
110.67697;10000.0;
110.736946;10000.0;
110.85687;10000.0;
110.97678;10000.0;
111.086975;16000.0;
111.14679;16000.0;
111.26681;16000.0;
111.3268;10000.0;
111.44679;10000.0;
111.50685;10000.0;
111.62687;10000.0;
111.68681;10000.0;
111.80683;10000.0;
111.93679;16000.0;
111.99689;16000.0;
112.1168;16000.0;
112.17697;16000.0;
112.29679;16000.0;
112.40682;16000.0;
112.46684;10000.0;
112.58703;10000.0;
112.646805;10000.0;
112.76679;10000.0;
112.82679;10000.0;
112.97679;16000.0;
113.03679;16000.0;
113.15683;16000.0;
113.216805;16000.0;
113.34687;16000.0;
113.406906;10000.0;
113.52686;10000.0;
113.58681;10000.0;
113.706795;10000.0;
113.766785;10000.0;
113.8888;10000.0;
114.00681;10000.0;
114.06681;10000.0;
114.18681;10000.0;
114.2468;10000.0;
114.36685;10000.0;
114.426796;10000.0;
114.54678;10000.0;
114.6668;10000.0;
114.72681;10000.0;
114.846794;10000.0;
114.907074;10000.0;
115.02684;10000.0;
115.08681;10000.0;
115.20687;10000.0;
115.326805;10000.0;
115.386826;10000.0;
115.506805;10000.0;
115.566795;10000.0;
115.686874;10000.0;
115.74683;10000.0;
115.866905;10000.0;
115.98688;10000.0;
116.04679;10000.0;
116.166794;10000.0;
116.22681;10000.0;
116.34682;10000.0;
116.40686;10000.0;
116.52689;10000.0;
116.646805;10000.0;
116.70679;10000.0;
116.82692;10000.0;
116.88964;10000.0;
117.0068;10000.0;
117.12682;10000.0;
117.18681;10000.0;
117.30684;10000.0;
117.36695;10000.0;
117.48692;10000.0;
117.546844;10000.0;
117.6668;10000.0;
117.786804;10000.0;
117.84698;10000.0;
117.966866;10000.0;
118.02688;10000.0;
118.14679;10000.0;
118.2068;10000.0;
118.32692;10000.0;
118.44696;10000.0;
118.5068;10000.0;
118.626785;10000.0;
118.686806;10000.0;
118.80685;10000.0;
118.86692;10000.0;
118.98687;10000.0;
119.10681;10000.0;
119.16714;10000.0;
119.286835;10000.0;
119.34682;10000.0;
119.466835;10000.0;
119.52706;10000.0;
119.64681;10000.0;
119.76688;10000.0;
119.82682;10000.0;
119.94737;10000.0;
120.00681;10000.0;
120.12682;10000.0;
120.246796;10000.0;
120.3068;10000.0;
120.42681;10000.0;
120.4881;10000.0;
120.60679;10000.0;
120.666794;10000.0;
120.78683;10000.0;
120.90696;10000.0;
120.96685;10000.0;
121.087204;10000.0;
121.147156;10000.0;
121.26683;10000.0;
121.32687;10000.0;
121.44707;10000.0;
121.56682;10000.0;
121.62712;10000.0;
121.746796;10000.0;
121.80681;10000.0;
121.92681;10000.0;
121.987144;10000.0;
122.106804;10000.0;
122.22679;10000.0;
122.28679;10000.0;
122.40724;10000.0;
122.4668;10000.0;
122.58685;10000.0;
122.64683;10000.0;
122.766785;10000.0;
122.88685;10000.0;
122.94697;10000.0;
123.06705;10000.0;
123.126816;10000.0;
123.24683;10000.0;
123.36693;10000.0;
123.42681;10000.0;
123.5468;10000.0;
123.6068;10000.0;
123.726814;10000.0;
123.78681;10000.0;
123.90713;10000.0;
124.02687;10000.0;
124.08679;10000.0;
124.206795;10000.0;
124.2726;10000.0;
124.38681;10000.0;
124.44687;10000.0;
124.56681;10000.0;
124.68679;10000.0;
124.74679;10000.0;
124.86707;10000.0;
124.9268;10000.0;
125.04681;10000.0;
125.10679;10000.0;
125.22678;10000.0;
125.34681;10000.0;
125.406876;10000.0;
125.54692;10000.0;
125.646935;10000.0;
125.70683;10000.0;
125.82685;10000.0;
125.886925;10000.0;
126.006905;10000.0;
126.06684;10000.0;
126.1868;10000.0;
126.24679;10000.0;
126.366936;10000.0;
126.4869;10000.0;
126.546814;10000.0;
126.66679;10000.0;
126.7268;10000.0;
126.846886;10000.0;
126.90689;10000.0;
127.02687;10000.0;
127.146835;10000.0;
127.20679;10000.0;
127.326935;10000.0;
127.38682;10000.0;
127.50683;10000.0;
127.5668;10000.0;
127.68679;10000.0;
127.80808;10000.0;
127.867035;10000.0;
127.987015;10000.0;
128.0468;10000.0;
128.16678;10000.0;
128.22685;10000.0;
128.34679;10000.0;
128.46678;10000.0;
128.53516;10000.0;
128.64679;10000.0;
128.70679;10000.0;
128.82684;10000.0;
128.88867;10000.0;
129.00682;10000.0;
129.12679;10000.0;
129.18678;10000.0;
129.32678;16000.0;
129.38693;16000.0;
129.51678;16000.0;
129.57683;16000.0;
129.69682;16000.0;
129.75688;16000.0;
129.8768;10000.0;
129.93687;10000.0;
130.0568;10000.0;
130.11679;10000.0;
130.2368;10000.0;
130.3568;10000.0;
130.46681;16000.0;
130.52681;16000.0;
130.65683;16000.0;
130.7169;16000.0;
130.83685;16000.0;
130.8968;10000.0;
131.01678;10000.0;
131.07681;10000.0;
131.19682;10000.0;
131.25685;10000.0;
131.37683;10000.0;
131.49692;10000.0;
131.55681;10000.0;
131.67705;10000.0;
131.73686;10000.0;
131.85684;10000.0;
131.91687;10000.0;
132.0368;10000.0;
132.15685;10000.0;
132.21707;10000.0;
132.33691;10000.0;
132.3968;10000.0;
132.51682;10000.0;
132.57683;10000.0;
132.69681;10000.0;
132.81679;10000.0;
132.87679;10000.0;
132.99687;10000.0;
133.05682;10000.0;
133.17688;10000.0;
133.2968;10000.0;
133.3568;10000.0;
133.47678;10000.0;
133.53685;10000.0;
133.65681;10000.0;
133.71704;10000.0;
133.83684;10000.0;
133.9568;10000.0;
134.0168;10000.0;
134.13693;10000.0;
134.19684;10000.0;
134.31682;10000.0;
134.37715;10000.0;
134.4968;10000.0;
134.61679;10000.0;
134.67703;10000.0;
134.805;10000.0;
134.85678;10000.0;
134.97679;10000.0;
135.0368;10000.0;
135.15681;10000.0;
135.27687;10000.0;
135.3368;10000.0;
135.45682;10000.0;
135.51682;10000.0;
135.63687;10000.0;
135.75706;10000.0;
135.81679;10000.0;
135.93681;10000.0;
135.99681;10000.0;
136.11682;10000.0;
136.17697;10000.0;
136.2969;10000.0;
136.41681;10000.0;
136.4768;10000.0;
136.5968;10000.0;
136.6568;10000.0;
136.77682;10000.0;
136.8368;10000.0;
136.957;10000.0;
137.07678;10000.0;
137.13689;10000.0;
137.257;10000.0;
137.31702;10000.0;
137.43681;10000.0;
137.49782;10000.0;
137.61682;10000.0;
137.73685;10000.0;
137.79686;10000.0;
137.91685;10000.0;
137.97687;10000.0;
138.09679;10000.0;
138.15678;10000.0;
138.27681;10000.0;
138.39684;10000.0;
138.45685;10000.0;
138.57678;10000.0;
138.63707;10000.0;
138.757;10000.0;
138.87683;10000.0;
138.93684;10000.0;
139.05681;10000.0;
139.11682;10000.0;
139.23682;10000.0;
139.29686;10000.0;
139.4168;10000.0;
139.53679;10000.0;
139.5968;10000.0;
139.71689;10000.0;
139.7768;10000.0;
139.89679;10000.0;
139.95683;10000.0;
140.07681;10000.0;
140.19684;10000.0;
140.25687;10000.0;
140.37682;10000.0;
140.43681;10000.0;
140.55682;10000.0;
140.61682;10000.0;
140.7368;10000.0;
140.85686;10000.0;
140.91684;10000.0;
141.03679;10000.0;
141.0968;10000.0;
141.21774;10000.0;
141.27678;10000.0;
141.3971;10000.0;
141.5168;10000.0;
141.5768;10000.0;
141.69684;10000.0;
141.75694;10000.0;
141.87703;10000.0;
141.99684;10000.0;
142.0568;10000.0;
142.1769;10000.0;
142.2368;10000.0;
142.35678;10000.0;
142.41682;10000.0;
142.5368;10000.0;
142.65685;10000.0;
142.71689;10000.0;
142.83696;10000.0;
142.89682;10000.0;
143.0168;10000.0;
143.07681;10000.0;
143.19681;10000.0;
143.31679;10000.0;
143.37679;10000.0;
143.4968;10000.0;
143.5568;10000.0;
143.67686;10000.0;
143.73685;10000.0;
143.8568;10000.0;
143.97684;10000.0;
144.03683;10000.0;
144.15683;10000.0;
144.21692;10000.0;
144.33687;10000.0;
144.45688;10000.0;
144.5168;10000.0;
144.63684;10000.0;
144.69737;10000.0;
144.8168;10000.0;
144.87695;10000.0;
144.99687;10000.0;
145.1169;10000.0;
145.17688;10000.0;
145.29703;10000.0;
145.35681;10000.0;
145.47679;10000.0;
145.53679;10000.0;
145.65717;10000.0;
145.7768;10000.0;
145.83687;10000.0;
145.95679;10000.0;
146.0168;10000.0;
146.13683;10000.0;
146.1968;10000.0;
146.31682;10000.0;
146.4368;10000.0;
146.4969;10000.0;
146.6168;10000.0;
146.6768;10000.0;
146.79707;10000.0;
146.9168;10000.0;
147.01688;16000.0;
147.07693;16000.0;
147.19684;16000.0;
147.2968;16000.0;
147.35687;10000.0;
147.4769;10000.0;
147.5368;10000.0;
147.65681;10000.0;
147.71693;10000.0;
147.83679;10000.0;
147.95682;10000.0;
148.01689;10000.0;
148.1368;10000.0;
148.1968;10000.0;
148.31679;10000.0;
148.3768;10000.0;
148.49684;10000.0;
148.61679;10000.0;
148.67682;10000.0;
148.7968;10000.0;
148.8569;10000.0;
148.97696;10000.0;
149.03679;10000.0;
149.15681;10000.0;
149.27678;10000.0;
149.33678;10000.0;
149.4568;10000.0;
149.51688;10000.0;
149.63681;10000.0;
149.69681;10000.0;
149.8168;10000.0;
149.93694;10000.0;
149.99684;10000.0;
150.11682;10000.0;
150.17683;10000.0;
150.29678;10000.0;
150.41682;10000.0;
150.47699;10000.0;
150.59679;10000.0;
150.65678;10000.0;
150.77686;10000.0;
150.8368;10000.0;
150.95686;10000.0;
151.0768;10000.0;
151.13707;10000.0;
151.25679;10000.0;
151.31685;10000.0;
151.43687;10000.0;
151.49678;10000.0;
151.6168;10000.0;
151.73682;10000.0;
151.79683;10000.0;
151.91682;10000.0;
151.97696;10000.0;
152.09682;10000.0;
152.15683;10000.0;
152.2768;10000.0;
152.3972;10000.0;
152.45679;10000.0;
152.5768;10000.0;
152.63681;10000.0;
152.75679;10000.0;
152.81682;10000.0;
152.93692;10000.0;
153.05685;10000.0;
153.11682;10000.0;
153.23685;10000.0;
153.29681;10000.0;
153.41682;10000.0;
153.53679;10000.0;
153.5968;10000.0;
153.7168;10000.0;
153.77678;10000.0;
153.89688;10000.0;
153.95679;10000.0;
154.07678;10000.0;
154.1968;10000.0;
154.25679;10000.0;
154.37682;10000.0;
154.43715;10000.0;
154.5569;10000.0;
154.61684;10000.0;
154.7368;10000.0;
154.85689;10000.0;
154.9168;10000.0;
155.03683;10000.0;
155.09685;10000.0;
155.21753;10000.0;
155.27682;10000.0;
155.39725;10000.0;
155.51761;10000.0;
155.5768;10000.0;
155.6969;10000.0;
155.7568;10000.0;
155.87682;10000.0;
155.99681;10000.0;
156.05685;10000.0;
156.17679;10000.0;
156.23679;10000.0;
156.35683;10000.0;
156.4168;10000.0;
156.5368;10000.0;
156.65678;10000.0;
156.71681;10000.0;
156.83687;10000.0;
156.89685;10000.0;
157.0169;10000.0;
157.07686;10000.0;
157.1968;10000.0;
157.31682;10000.0;
157.37685;10000.0;
157.49684;10000.0;
157.55695;10000.0;
157.6768;10000.0;
157.73701;10000.0;
157.85681;10000.0;
157.97691;10000.0;
158.0368;10000.0;
158.15683;10000.0;
158.2168;10000.0;
158.3368;10000.0;
158.45682;10000.0;
158.51686;10000.0;
158.63683;10000.0;
158.69684;10000.0;
158.81685;10000.0;
158.87682;10000.0;
158.99678;10000.0;
159.1168;10000.0;
159.1768;10000.0;
159.29683;10000.0;
159.35681;10000.0;
159.47685;10000.0;
159.53679;10000.0;
159.65706;10000.0;
159.7768;10000.0;
159.8368;10000.0;
159.95686;10000.0;
160.01692;10000.0;
160.13678;10000.0;
160.19682;10000.0;
160.31683;10000.0;
160.43683;10000.0;
160.49683;10000.0;
160.61679;10000.0;
160.67683;10000.0;
160.79683;10000.0;
160.8568;10000.0;
160.9769;10000.0;
161.09683;10000.0;
161.1568;10000.0;
161.27678;10000.0;
161.33678;10000.0;
161.45677;10000.0;
161.57684;10000.0;
161.6369;10000.0;
161.75682;10000.0;
161.8168;10000.0;
161.93687;10000.0;
161.99683;10000.0;
162.11684;10000.0;
162.23679;10000.0;
162.29678;10000.0;
162.4168;10000.0;
162.47687;10000.0;
162.59688;10000.0;
162.65681;10000.0;
162.7769;10000.0;
162.897;10000.0;
162.9568;10000.0;
163.07683;10000.0;
163.1368;10000.0;
163.2568;10000.0;
163.3168;10000.0;
163.43684;10000.0;
163.5569;10000.0;
163.61678;10000.0;
163.73683;10000.0;
163.80682;10000.0;
163.9268;10000.0;
163.98683;10000.0;
164.10701;10000.0;
164.16681;10000.0;
164.28963;10000.0;
164.4068;10000.0;
164.46678;10000.0;
164.58682;10000.0;
164.64688;10000.0;
164.7668;10000.0;
164.89049;10000.0;
164.94678;10000.0;
165.06693;10000.0;
165.1268;10000.0;
165.24692;10000.0;
165.30681;10000.0;
165.42679;10000.0;
165.54681;10000.0;
165.60692;10000.0;
165.72682;10000.0;
165.78685;10000.0;
165.90683;10000.0;
165.96681;10000.0;
166.08679;10000.0;
166.2068;10000.0;
166.26698;10000.0;
166.3868;10000.0;
166.4468;10000.0;
166.56688;10000.0;
166.6268;10000.0;
166.74681;10000.0;
166.86678;10000.0;
166.92686;10000.0;
167.0468;10000.0;
167.107;10000.0;
167.22685;10000.0;
167.34682;10000.0;
167.4068;10000.0;
167.52682;10000.0;
167.58708;10000.0;
167.7068;10000.0;
167.76686;10000.0;
167.88765;10000.0;
168.00679;10000.0;
168.06685;10000.0;
168.1869;10000.0;
168.24681;10000.0;
168.36679;10000.0;
168.42685;10000.0;
168.54681;10000.0;
168.66682;10000.0;
168.72711;10000.0;
168.84679;10000.0;
168.90681;10000.0;
169.02687;10000.0;
169.08682;10000.0;
169.2068;10000.0;
169.3268;10000.0;
169.38713;10000.0;
169.5068;10000.0;
169.56686;10000.0;
169.68692;10000.0;
169.8068;10000.0;
169.86679;10000.0;
169.98682;10000.0;
170.04681;10000.0;
170.16681;10000.0;
170.22687;10000.0;
170.3468;10000.0;
170.4668;10000.0;
170.52684;10000.0;
170.64687;10000.0;
170.70682;10000.0;
170.82678;10000.0;
170.88837;10000.0;
171.00679;10000.0;
171.12685;10000.0;
171.18687;10000.0;
171.30693;10000.0;
171.36682;10000.0;
171.48679;10000.0;
171.5468;10000.0;
171.66678;10000.0;
171.78682;10000.0;
171.84683;10000.0;
171.9669;10000.0;
172.02686;10000.0;
172.14694;10000.0;
172.20679;10000.0;
172.32678;10000.0;
172.44682;10000.0;
172.50682;10000.0;
172.62679;10000.0;
172.68701;10000.0;
172.8069;10000.0;
172.92679;10000.0;
172.9868;10000.0;
173.10686;10000.0;
173.1668;10000.0;
173.28687;10000.0;
173.34683;10000.0;
173.4668;10000.0;
173.5868;10000.0;
173.64694;10000.0;
173.76683;10000.0;
173.82684;10000.0;
173.9468;10000.0;
174.00677;10000.0;
174.12685;10000.0;
174.2468;10000.0;
174.30678;10000.0;
174.42679;10000.0;
174.48679;10000.0;
174.60689;10000.0;
174.6668;10000.0;
174.7868;10000.0;
174.9068;10000.0;
174.96678;10000.0;
175.08679;10000.0;
175.14693;10000.0;
175.26701;10000.0;
175.38681;10000.0;
175.4468;10000.0;
175.56686;10000.0;
175.62682;10000.0;
175.7468;10000.0;
175.80684;10000.0;
175.9268;10000.0;
176.04681;10000.0;
176.10724;10000.0;
176.22687;10000.0;
176.28683;10000.0;
176.40683;10000.0;
176.46681;10000.0;
176.58682;10000.0;
176.70679;10000.0;
176.76686;10000.0;
176.88683;10000.0;
176.9471;10000.0;
177.06805;10000.0;
177.12679;10000.0;
177.24686;10000.0;
177.36679;10000.0;
177.42679;10000.0;
177.5468;10000.0;
177.60683;10000.0;
177.727;10000.0;
177.84682;10000.0;
177.9068;10000.0;
178.02681;10000.0;
178.0868;10000.0;
178.2068;10000.0;
178.26814;10000.0;
178.38678;10000.0;
178.50682;10000.0;
178.56685;10000.0;
178.68704;10000.0;
178.74681;10000.0;
178.86682;10000.0;
178.92683;10000.0;
179.04681;10000.0;
179.16678;10000.0;
179.22699;10000.0;
179.3468;10000.0;
179.40681;10000.0;
179.5268;10000.0;
179.58679;10000.0;
179.70683;10000.0;
179.82692;10000.0;
179.89082;10000.0;
180.0068;10000.0;
180.06679;10000.0;
180.18694;10000.0;
180.30722;10000.0;
180.36682;10000.0;
180.48683;10000.0;
180.54683;10000.0;
180.66681;10000.0;
180.72691;10000.0;
180.84682;10000.0;
180.96681;10000.0;
181.0268;10000.0;
181.14687;10000.0;
181.2068;10000.0;
181.3268;10000.0;
181.3868;10000.0;
181.50702;10000.0;
181.6268;10000.0;
181.68727;10000.0;
181.8069;10000.0;
181.86691;10000.0;
181.98682;10000.0;
182.04678;10000.0;
182.1668;10000.0;
182.2868;10000.0;
182.34685;10000.0;
182.46681;10000.0;
182.5268;10000.0;
182.64693;10000.0;
182.7669;10000.0;
182.82687;10000.0;
182.94681;10000.0;
183.0068;10000.0;
183.12694;10000.0;
183.18687;10000.0;
183.3081;10000.0;
183.42679;10000.0;
183.48682;10000.0;
183.60681;10000.0;
183.66682;10000.0;
183.78682;10000.0;
183.84683;10000.0;
183.96742;10000.0;
184.08682;10000.0;
184.1469;10000.0;
184.26686;10000.0;
184.3268;10000.0;
184.44681;10000.0;
184.5068;10000.0;
184.62679;10000.0;
184.74701;10000.0;
184.80713;10000.0;
184.92682;10000.0;
184.9868;10000.0;
185.10678;10000.0;
185.22693;10000.0;
185.28682;10000.0;
185.40681;10000.0;
185.46681;10000.0;
185.58707;10000.0;
185.64688;10000.0;
185.76686;10000.0;
185.88828;10000.0;
185.94681;10000.0;
186.06679;10000.0;
186.2468;10000.0;
186.307;10000.0;
186.42685;10000.0;
186.5468;10000.0;
186.6068;10000.0;
186.7868;10000.0;
186.90683;10000.0;
186.96686;10000.0;
187.08679;10000.0;
187.2068;10000.0;
187.26726;10000.0;
187.3868;10000.0;
187.44678;10000.0;
187.5668;10000.0;
187.68692;10000.0;
187.74683;10000.0;
187.86679;10000.0;
187.92682;10000.0;
188.0468;10000.0;
188.10678;10000.0;
188.22694;10000.0;
188.34683;10000.0;
188.4068;10000.0;
188.5268;10000.0;
188.58678;10000.0;
188.70685;10000.0;
188.7669;10000.0;
188.88835;10000.0;
189.00685;10000.0;
189.06682;10000.0;
189.18695;10000.0;
189.24687;10000.0;
189.36679;10000.0;
189.42693;10000.0;
189.5468;10000.0;
189.6668;10000.0;
189.72693;10000.0;
189.84691;10000.0;
189.90686;10000.0;
190.0268;10000.0;
190.14679;10000.0;
190.20683;10000.0;
190.3268;10000.0;
190.38707;10000.0;
190.50682;10000.0;
190.5668;10000.0;
190.6869;10000.0;
190.80719;10000.0;
190.86685;10000.0;
190.98685;10000.0;
191.0468;10000.0;
191.16681;10000.0;
191.23395;10000.0;
191.34724;10000.0;
191.46687;10000.0;
191.57681;16000.0;
191.63698;16000.0;
191.6968;16000.0;
191.81679;16000.0;
191.9468;16000.0;
192.00677;10000.0;
192.1268;10000.0;
192.1868;10000.0;
192.30713;10000.0;
192.36697;10000.0;
192.5168;16000.0;
192.57695;16000.0;
192.69681;16000.0;
192.7568;16000.0;
192.87679;16000.0;
192.98692;10000.0;
193.0468;10000.0;
193.16684;10000.0;
193.2268;10000.0;
193.34679;10000.0;
193.4069;10000.0;
193.5568;16000.0;
193.61682;16000.0;
193.73679;16000.0;
193.79689;16000.0;
193.91684;16000.0;
194.03679;10000.0;
194.0968;10000.0;
194.15685;10000.0;
194.2768;10000.0;
194.39679;10000.0;
194.50679;16000.0;
194.5668;16000.0;
194.68681;16000.0;
194.74684;16000.0;
194.86682;16000.0;
194.9768;16000.0;
195.03694;10000.0;
195.15686;10000.0;
195.2168;10000.0;
195.3368;10000.0;
195.39682;10000.0;
195.54694;16000.0;
195.607;16000.0;
195.72696;16000.0;
195.78682;16000.0;
195.90683;16000.0;
196.0168;16000.0;
196.10683;16000.0;
196.1668;16000.0;
196.30682;16000.0;
196.36684;16000.0;
196.49681;16000.0;
196.55685;16000.0;
196.67682;16000.0;
196.77682;16000.0;
196.8668;16000.0;
196.92685;16000.0;
197.04681;16000.0;
197.10683;16000.0;
197.2268;10000.0;
197.2868;10000.0;
197.40681;10000.0;
197.52681;10000.0;
197.58679;10000.0;
197.70679;10000.0;
197.7669;10000.0;
197.88713;10000.0;
197.94678;10000.0;
198.0668;10000.0;
198.18683;10000.0;
198.24684;10000.0;
198.3668;10000.0;
198.42688;10000.0;
198.54678;10000.0;
198.6068;10000.0;
198.72687;10000.0;
198.847;10000.0;
198.90685;10000.0;
199.02682;10000.0;
199.08682;10000.0;
199.20679;10000.0;
199.26689;10000.0;
199.387;10000.0;
199.50682;10000.0;
199.5668;10000.0;
199.7068;16000.0;
199.76678;16000.0;
199.88855;16000.0;
199.947;16000.0;
200.06691;16000.0;
200.18684;16000.0;
200.27681;16000.0;
200.37679;16000.0;
200.43684;10000.0;
200.5568;10000.0;
200.61711;10000.0;
200.73686;10000.0;
200.79681;10000.0;
200.91682;10000.0;
200.9768;10000.0;
201.09679;10000.0;
201.21684;10000.0;
201.27681;10000.0;
201.3968;10000.0;
201.45679;10000.0;
201.57716;10000.0;
201.63695;10000.0;
201.75679;10000.0;
201.87683;10000.0;
201.9368;10000.0;
202.0568;10000.0;
202.11693;10000.0;
202.23682;10000.0;
202.2968;10000.0;
202.4168;10000.0;
202.53685;10000.0;
202.59682;10000.0;
202.71678;10000.0;
202.7768;10000.0;
202.89687;10000.0;
203.0168;10000.0;
203.07686;10000.0;
203.19685;10000.0;
203.25679;10000.0;
203.37682;10000.0;
203.49681;16000.0;
203.55682;16000.0;
203.67679;16000.0;
203.73683;16000.0;
203.87692;16000.0;
203.9368;10000.0;
204.05681;10000.0;
204.11679;10000.0;
204.23682;10000.0;
204.29689;10000.0;
204.41682;10000.0;
204.47679;10000.0;
204.5968;10000.0;
204.71681;10000.0;
204.7768;10000.0;
204.89679;10000.0;
204.9568;10000.0;
205.07681;10000.0;
205.1368;10000.0;
205.25694;10000.0;
205.37689;10000.0;
205.4368;10000.0;
205.55681;10000.0;
205.6168;10000.0;
205.73973;10000.0;
205.85683;10000.0;
205.91687;10000.0;
206.03679;10000.0;
206.09702;10000.0;
206.21687;10000.0;
206.27682;10000.0;
206.39679;10000.0;
206.51678;10000.0;
206.57684;10000.0;
206.69684;10000.0;
206.75691;10000.0;
206.87688;10000.0;
206.93681;10000.0;
207.05682;10000.0;
207.17686;10000.0;
207.3568;10000.0;
207.41687;10000.0;
207.53687;10000.0;
207.59679;10000.0;
207.71681;10000.0;
207.83707;10000.0;
207.8968;10000.0;
208.0168;10000.0;
208.07678;10000.0;
208.19681;10000.0;
208.3168;10000.0;
208.37688;10000.0;
208.4968;10000.0;
208.55681;10000.0;
208.67682;10000.0;
208.7368;10000.0;
208.85678;10000.0;
208.97684;10000.0;
209.03679;10000.0;
209.15714;10000.0;
209.21695;10000.0;
209.337;10000.0;
209.3968;10000.0;
209.51686;10000.0;
209.6368;10000.0;
209.69684;10000.0;
209.81679;10000.0;
209.87694;10000.0;
209.99678;10000.0;
210.05682;10000.0;
210.1768;10000.0;
210.29697;10000.0;
210.35689;10000.0;
210.47682;10000.0;
210.53679;10000.0;
210.6568;10000.0;
210.77678;10000.0;
210.83691;10000.0;
210.95685;10000.0;
211.01682;10000.0;
211.13696;10000.0;
211.19682;10000.0;
211.31682;10000.0;
211.4368;10000.0;
211.49681;10000.0;
211.61682;10000.0;
211.67682;10000.0;
211.79688;10000.0;
211.85698;10000.0;
211.9768;10000.0;
212.09679;10000.0;
212.1568;10000.0;
212.2768;10000.0;
212.33688;10000.0;
212.45686;10000.0;
212.5168;10000.0;
212.67679;10000.0;
212.73691;16000.0;
212.85704;16000.0;
212.9169;16000.0;
213.0368;16000.0;
213.14699;16000.0;
213.20683;10000.0;
213.33682;16000.0;
213.39679;16000.0;
213.51682;16000.0;
213.57684;16000.0;
213.69722;16000.0;
213.75682;16000.0;
213.87679;16000.0;
213.9968;16000.0;
214.05687;10000.0;
214.17679;10000.0;
214.23686;10000.0;
214.3568;10000.0;
214.41693;10000.0;
214.53679;10000.0;
214.65692;10000.0;
214.71692;10000.0;
214.83678;10000.0;
214.89682;10000.0;
215.01678;10000.0;
215.0768;10000.0;
215.20474;10000.0;
215.31702;10000.0;
215.37682;10000.0;
215.4968;10000.0;
215.6069;10000.0;
215.66682;16000.0;
215.7968;16000.0;
215.85681;16000.0;
215.97682;10000.0;
216.03685;10000.0;
216.15701;10000.0;
216.21684;10000.0;
216.3368;10000.0;
216.4568;10000.0;
216.51682;10000.0;
216.63681;10000.0;
216.69693;10000.0;
216.8169;10000.0;
216.87677;10000.0;
216.99683;10000.0;
217.11685;10000.0;
217.17677;10000.0;
217.29683;10000.0;
217.35687;10000.0;
217.47682;10000.0;
217.53679;10000.0;
217.6968;10000.0;
217.78688;10000.0;
217.84686;10000.0;
217.96684;10000.0;
218.02678;10000.0;
218.14682;10000.0;
218.2068;10000.0;
218.32736;10000.0;
218.38678;10000.0;
218.5068;10000.0;
218.62682;10000.0;
218.68683;10000.0;
218.80682;10000.0;
218.86717;10000.0;
218.98683;10000.0;
219.10678;10000.0;
219.16678;10000.0;
219.28693;10000.0;
219.34679;10000.0;
219.4668;10000.0;
219.52682;10000.0;
219.6468;10000.0;
219.767;10000.0;
219.82689;10000.0;
219.95703;10000.0;
220.01678;10000.0;
220.1368;10000.0;
220.19681;10000.0;
220.31679;10000.0;
220.37682;10000.0;
220.49687;10000.0;
220.62688;10000.0;
220.71683;10000.0;
220.77698;10000.0;
220.89697;10000.0;
221.00682;16000.0;
221.0668;16000.0;
221.18692;16000.0;
221.24686;16000.0;
221.38683;16000.0;
221.44687;16000.0;
221.56679;16000.0;
221.62682;16000.0;
221.7468;10000.0;
221.80687;10000.0;
221.92682;10000.0;
221.98686;10000.0;
222.10745;10000.0;
222.22679;10000.0;
222.28685;10000.0;
222.4074;10000.0;
222.46678;10000.0;
222.58682;10000.0;
222.64682;10000.0;
222.76682;10000.0;
222.88678;10000.0;
222.94685;10000.0;
223.06679;10000.0;
223.12679;10000.0;
223.24683;10000.0;
223.30681;10000.0;
223.42679;10000.0;
223.54678;10000.0;
223.6068;10000.0;
223.7269;10000.0;
223.7868;10000.0;
223.90697;10000.0;
224.0268;10000.0;
224.08687;10000.0;
224.20679;10000.0;
224.2668;10000.0;
224.38681;10000.0;
224.44711;10000.0;
224.56679;10000.0;
224.68681;10000.0;
224.74683;10000.0;
224.86688;10000.0;
224.92686;10000.0;
225.0468;10000.0;
225.10681;10000.0;
225.26701;10000.0;
225.32681;16000.0;
225.44684;16000.0;
225.50696;16000.0;
225.62683;16000.0;
225.68698;16000.0;
225.80707;16000.0;
225.86679;16000.0;
225.98679;16000.0;
226.10747;16000.0;
226.16678;16000.0;
226.28685;16000.0;
226.34697;16000.0;
226.4969;16000.0;
226.55681;16000.0;
226.67679;16000.0;
226.73679;10000.0;
226.8568;10000.0;
226.91682;10000.0;
227.03687;10000.0;
227.09679;10000.0;
227.2168;10000.0;
227.34682;16000.0;
227.4068;16000.0;
227.5268;16000.0;
227.58699;16000.0;
227.70686;16000.0;
227.7668;16000.0;
227.91678;16000.0;
228.00711;16000.0;
228.0668;16000.0;
228.1868;16000.0;
228.24681;16000.0;
228.3668;16000.0;
228.42679;16000.0;
228.54688;16000.0;
228.6068;16000.0;
228.72679;16000.0;
228.85681;16000.0;
228.9168;16000.0;
229.03679;16000.0;
229.1468;16000.0;
229.20691;16000.0;
229.3268;16000.0;
229.38686;16000.0;
229.50963;16000.0;
229.56679;16000.0;
229.68678;16000.0;
229.80678;16000.0;
229.86679;10000.0;
229.98683;10000.0;
230.0468;10000.0;
230.16687;10000.0;
230.27681;16000.0;
230.37682;16000.0;
230.43686;16000.0;
230.56688;16000.0;
230.62685;16000.0;
230.75682;16000.0;
230.81682;16000.0;
230.9368;10000.0;
230.99693;10000.0;
231.11691;10000.0;
231.22685;16000.0;
231.28682;16000.0;
231.4069;16000.0;
231.46681;16000.0;
231.5968;16000.0;
231.65685;16000.0;
231.7972;10000.0;
231.85681;10000.0;
231.97684;10000.0;
232.0368;10000.0;
232.15678;10000.0;
232.2169;10000.0;
232.33688;10000.0;
232.4568;16000.0;
232.51677;16000.0;
232.63707;16000.0;
232.73682;10000.0;
232.79681;10000.0;
232.91681;10000.0;
232.98691;10000.0;
233.09682;10000.0;
233.15686;10000.0;
233.30692;16000.0;
233.36679;16000.0;
233.48683;16000.0;
233.5468;16000.0;
233.68686;16000.0;
233.74689;10000.0;
233.86678;10000.0;
233.9268;10000.0;
234.0468;10000.0;
234.10684;10000.0;
234.22679;10000.0;
234.34682;16000.0;
234.40681;16000.0;
234.52693;16000.0;
234.58684;16000.0;
234.7268;16000.0;
234.78683;10000.0;
234.90695;10000.0;
234.96696;10000.0;
235.08685;10000.0;
235.1468;10000.0;
235.29681;16000.0;
235.35689;16000.0;
235.4771;16000.0;
235.53679;16000.0;
235.6768;16000.0;
235.7368;10000.0;
235.8569;10000.0;
235.9168;10000.0;
236.03688;10000.0;
236.09679;10000.0;
236.21681;10000.0;
236.33679;16000.0;
236.39682;16000.0;
236.51683;16000.0;
236.57689;16000.0;
236.7169;10000.0;
236.77681;10000.0;
236.89679;10000.0;
236.95679;10000.0;
237.0768;10000.0;
237.13678;10000.0;
237.28679;16000.0;
237.34679;16000.0;
237.4668;16000.0;
237.52689;16000.0;
237.64684;16000.0;
237.7568;10000.0;
237.8168;10000.0;
237.93686;10000.0;
237.99681;10000.0;
238.11679;10000.0;
238.17679;10000.0;
238.32683;16000.0;
238.38681;16000.0;
238.50684;16000.0;
238.56682;16000.0;
238.71461;10000.0;
238.76678;10000.0;
238.88693;10000.0;
238.94681;10000.0;
239.06699;10000.0;
239.12679;10000.0;
239.2771;16000.0;
239.33679;16000.0;
239.4568;16000.0;
239.51678;16000.0;
239.6468;16000.0;
239.70692;10000.0;
239.82692;10000.0;
239.8868;10000.0;
240.00687;10000.0;
240.06683;10000.0;
240.1868;10000.0;
240.31686;16000.0;
240.37686;16000.0;
240.49681;16000.0;
240.55681;16000.0;
240.69681;10000.0;
240.75679;10000.0;
240.81679;10000.0;
240.93698;10000.0;
241.05688;10000.0;
241.11684;10000.0;
241.23679;10000.0;
241.35678;10000.0;
241.41681;16000.0;
241.5468;16000.0;
241.60686;10000.0;
241.72679;10000.0;
241.7868;10000.0;
241.90678;10000.0;
241.9713;10000.0;
242.08679;10000.0;
242.20677;16000.0;
242.2668;16000.0;
242.38681;16000.0;
242.44681;16000.0;
242.58679;16000.0;
242.64679;10000.0;
242.76683;10000.0;
242.8269;10000.0;
242.94682;10000.0;
243.00682;10000.0;
243.1568;16000.0;
243.21681;16000.0;
243.33679;16000.0;
243.3968;16000.0;
243.51685;16000.0;
243.62682;10000.0;
243.6868;10000.0;
243.80681;10000.0;
243.86687;10000.0;
243.98683;10000.0;
244.09679;16000.0;
244.15678;16000.0;
244.27678;16000.0;
244.33722;16000.0;
244.45686;16000.0;
244.57678;10000.0;
244.63681;10000.0;
244.75682;10000.0;
244.81712;10000.0;
244.93683;10000.0;
245.0468;16000.0;
245.1068;16000.0;
245.22679;16000.0;
245.28702;16000.0;
245.40718;16000.0;
245.5168;16000.0;
245.5768;10000.0;
245.70691;10000.0;
245.76682;16000.0;
245.89731;16000.0;
245.95695;16000.0;
246.08684;16000.0;
246.14679;16000.0;
246.26678;16000.0;
246.32678;16000.0;
246.4668;16000.0;
246.52681;10000.0;
246.64697;10000.0;
246.74678;16000.0;
246.84679;16000.0;
246.90688;10000.0;
247.03687;16000.0;
247.09683;16000.0;
247.2168;16000.0;
247.27678;16000.0;
247.39682;16000.0;
247.50677;10000.0;
247.607;16000.0;
247.6668;16000.0;
247.78687;16000.0;
247.88866;10000.0;
247.9868;16000.0;
248.04678;16000.0;
248.10683;16000.0;
248.22679;16000.0;
248.34683;16000.0;
248.40686;16000.0;
248.54692;16000.0;
248.64682;16000.0;
248.70682;16000.0;
248.82686;16000.0;
248.9268;16000.0;
249.02682;16000.0;
249.08688;16000.0;
249.2068;16000.0;
249.26678;16000.0;
249.38681;16000.0;
249.49727;10000.0;
249.5868;16000.0;
249.64687;16000.0;
249.7669;16000.0;
249.87683;16000.0;
249.96681;16000.0;
250.0268;16000.0;
250.14677;16000.0;
250.20679;16000.0;
250.32689;16000.0;
250.4469;10000.0;
250.53677;16000.0;
250.59698;16000.0;
250.71686;16000.0;
250.82681;16000.0;
250.91681;16000.0;
250.97679;16000.0;
251.09682;16000.0;
251.15697;16000.0;
251.277;16000.0;
251.38693;16000.0;
251.4468;10000.0;
251.56683;10000.0;
251.62686;10000.0;
251.74684;10000.0;
251.80688;10000.0;
251.95688;16000.0;
252.01682;16000.0;
252.13678;16000.0;
252.19681;16000.0;
252.31679;16000.0;
252.42761;10000.0;
252.48685;10000.0;
252.60678;10000.0;
252.6668;10000.0;
252.78691;10000.0;
252.90698;16000.0;
252.96681;16000.0;
253.0868;16000.0;
253.14682;16000.0;
253.2668;16000.0;
253.3768;10000.0;
253.43684;10000.0;
253.55681;10000.0;
253.61679;10000.0;
253.73695;10000.0;
253.85698;16000.0;
253.9168;16000.0;
253.97682;16000.0;
254.09697;16000.0;
254.21681;16000.0;
254.27693;16000.0;
254.4169;10000.0;
254.4768;10000.0;
254.59682;10000.0;
254.65941;10000.0;
254.77678;10000.0;
254.89688;16000.0;
254.95692;16000.0;
255.07687;16000.0;
255.13678;16000.0;
255.25688;16000.0;
255.3168;16000.0;
255.45688;10000.0;
255.51694;10000.0;
255.69682;10000.0;
255.81682;10000.0;
255.9374;16000.0;
255.99681;16000.0;
256.11688;16000.0;
256.1769;16000.0;
256.29688;16000.0;
256.4068;10000.0;
256.46683;10000.0;
256.58716;10000.0;
256.64682;10000.0;
256.76678;10000.0;
256.8268;10000.0;
256.97778;16000.0;
257.0369;16000.0;
257.1568;16000.0;
257.21686;16000.0;
257.3368;16000.0;
257.45334;16000.0;
257.50684;10000.0;
257.6268;10000.0;
257.68683;10000.0;
257.80713;10000.0;
257.9268;16000.0;
257.9868;16000.0;
258.10684;16000.0;
258.16684;16000.0;
258.2868;16000.0;
258.3968;10000.0;
258.45682;10000.0;
258.57678;10000.0;
258.6369;10000.0;
258.757;10000.0;
258.8168;10000.0;
258.96683;16000.0;
259.02695;16000.0;
259.1468;16000.0;
259.20682;16000.0;
259.32687;16000.0;
259.38684;16000.0;
259.5068;16000.0;
259.6268;16000.0;
259.68683;10000.0;
259.8068;10000.0;
259.86682;10000.0;
260.0068;16000.0;
260.0668;16000.0;
260.1868;16000.0;
260.24692;16000.0;
260.38687;16000.0;
260.44678;10000.0;
260.56677;10000.0;
260.62698;10000.0;
260.74686;10000.0;
260.80698;10000.0;
260.95682;16000.0;
261.01678;16000.0;
261.13693;16000.0;
261.23682;16000.0;
261.32697;16000.0;
261.42688;10000.0;
261.487;10000.0;
261.60684;10000.0;
261.6668;10000.0;
261.78677;10000.0;
261.84686;10000.0;
261.9968;16000.0;
262.0568;16000.0;
262.17682;16000.0;
262.2368;16000.0;
262.3568;16000.0;
262.46695;10000.0;
262.52682;10000.0;
262.6468;10000.0;
262.70688;10000.0;
262.82684;10000.0;
262.8868;10000.0;
263.0368;16000.0;
263.0968;16000.0;
263.2168;16000.0;
263.2768;16000.0;
263.39685;16000.0;
263.50693;10000.0;
263.5668;10000.0;
263.6868;10000.0;
263.7468;10000.0;
263.86682;10000.0;
263.97678;16000.0;
264.0368;16000.0;
264.15683;16000.0;
264.21686;16000.0;
264.33685;16000.0;
264.3968;16000.0;
264.54678;10000.0;
264.60687;10000.0;
264.7268;10000.0;
264.7868;10000.0;
264.9068;10000.0;
265.0269;16000.0;
265.0868;16000.0;
265.20682;16000.0;
265.26678;16000.0;
265.3868;16000.0;
265.4968;10000.0;
265.55692;10000.0;
265.67682;10000.0;
265.7368;10000.0;
265.85678;10000.0;
265.9669;16000.0;
266.0268;16000.0;
266.14685;16000.0;
266.21246;16000.0;
266.32678;16000.0;
266.44687;16000.0;
266.50687;10000.0;
266.6268;10000.0;
266.6896;10000.0;
266.80685;10000.0;
266.86685;10000.0;
267.0068;16000.0;
267.06696;16000.0;
267.18692;16000.0;
267.2468;16000.0;
267.3668;16000.0;
267.48694;10000.0;
267.5468;10000.0;
267.6669;10000.0;
267.72684;10000.0;
267.84692;10000.0;
267.9068;10000.0;
268.0568;16000.0;
268.1168;16000.0;
268.23682;16000.0;
268.2969;16000.0;
268.41684;16000.0;
268.5268;10000.0;
268.5868;10000.0;
268.707;10000.0;
268.76678;10000.0;
268.8868;10000.0;
268.9468;10000.0;
269.09686;16000.0;
269.1568;16000.0;
269.2768;16000.0;
269.33682;16000.0;
269.47678;16000.0;
269.53748;10000.0;
269.6569;10000.0;
269.71677;10000.0;
269.8368;10000.0;
269.899;10000.0;
270.04684;16000.0;
270.10687;16000.0;
270.16684;16000.0;
270.2868;16000.0;
270.40683;16000.0;
270.51678;16000.0;
270.5768;10000.0;
270.69678;10000.0;
270.75677;10000.0;
270.87692;10000.0;
270.9368;10000.0;
271.08682;16000.0;
271.1471;16000.0;
271.2668;16000.0;
271.3268;16000.0;
271.44684;16000.0;
271.50684;16000.0;
271.6482;10000.0;
271.70688;10000.0;
271.827;10000.0;
271.88684;10000.0;
272.00677;10000.0;
272.06677;10000.0;
272.1868;10000.0;
272.31677;10000.0;
272.37692;16000.0;
272.49683;16000.0;
272.5968;10000.0;
272.65683;10000.0;
272.77686;10000.0;
272.83682;10000.0;
272.95728;10000.0;
273.01685;10000.0;
273.16678;16000.0;
273.22684;16000.0;
273.34677;16000.0;
273.40677;16000.0;
273.5268;16000.0;
273.6369;10000.0;
273.69684;10000.0;
273.81683;10000.0;
273.877;10000.0;
273.99805;10000.0;
274.11682;16000.0;
274.1768;16000.0;
274.29678;16000.0;
274.3968;16000.0;
274.48724;16000.0;
274.5868;16000.0;
274.64685;10000.0;
274.7668;10000.0;
274.82684;10000.0;
274.94687;10000.0;
275.00684;10000.0;
275.1568;16000.0;
275.21686;16000.0;
275.3468;16000.0;
275.40677;16000.0;
275.5368;16000.0;
275.62692;10000.0;
275.69;10000.0;
275.80676;10000.0;
275.8668;10000.0;
275.98685;10000.0;
276.0968;16000.0;
276.1568;16000.0;
276.2874;16000.0;
276.3468;16000.0;
276.46704;16000.0;
276.5268;16000.0;
276.6471;10000.0;
276.70856;10000.0;
276.82678;10000.0;
276.94684;10000.0;
277.00723;10000.0;
277.12686;10000.0;
277.1868;10000.0;
277.3068;10000.0;
277.3668;10000.0;
277.48682;10000.0;
277.60678;10000.0;
277.66684;10000.0;
277.7868;10000.0;
277.84686;10000.0;
277.96683;10000.0;
278.0268;10000.0;
278.1468;10000.0;
278.26675;10000.0;
278.32678;10000.0;
278.44684;10000.0;
278.50696;10000.0;
278.62686;10000.0;
278.74683;10000.0;
278.80682;10000.0;
278.9275;10000.0;
278.98682;10000.0;
279.1068;10000.0;
279.1672;10000.0;
279.2868;10000.0;
279.4068;10000.0;
279.4668;10000.0;
279.58688;10000.0;
279.64682;10000.0;
279.76678;10000.0;
279.8268;10000.0;
279.9468;10000.0;
280.0668;10000.0;
280.12686;10000.0;
280.2468;10000.0;
280.3068;10000.0;
280.4268;10000.0;
280.4868;10000.0;
280.60678;10000.0;
280.72684;10000.0;
280.78677;10000.0;
280.90683;10000.0;
280.96686;10000.0;
281.087;10000.0;
281.20685;10000.0;
281.2668;10000.0;
281.38678;10000.0;
281.4468;10000.0;
281.56686;10000.0;
281.62714;10000.0;
281.7468;10000.0;
281.86682;10000.0;
281.92682;10000.0;
282.0471;10000.0;
282.1068;10000.0;
282.2268;10000.0;
282.2868;10000.0;
282.40686;10000.0;
282.52765;10000.0;
282.58737;10000.0;
282.707;10000.0;
282.76678;10000.0;
282.88788;10000.0;
283.00677;10000.0;
283.06677;10000.0;
283.18677;10000.0;
283.24686;10000.0;
283.36685;10000.0;
283.42682;10000.0;
283.5468;10000.0;
283.66776;10000.0;
283.7268;10000.0;
283.84686;10000.0;
283.90686;10000.0;
284.0268;10000.0;
284.08966;10000.0;
284.20688;10000.0;
284.32684;10000.0;
284.3868;10000.0;
284.50684;10000.0;
284.5668;10000.0;
284.6868;10000.0;
284.7468;10000.0;
284.8668;10000.0;
284.98682;10000.0;
285.04828;10000.0;
285.16696;10000.0;
285.22678;10000.0;
285.3468;10000.0;
285.46677;10000.0;
285.5269;10000.0;
285.6468;10000.0;
285.70688;10000.0;
285.82684;10000.0;
285.888;10000.0;
286.00696;10000.0;
286.127;10000.0;
286.1868;10000.0;
286.30695;10000.0;
286.36688;10000.0;
286.4869;10000.0;
286.6068;10000.0;
286.70685;10000.0;
286.76688;10000.0;
286.88812;10000.0;
286.98685;16000.0;
287.08682;10000.0;
287.14966;10000.0;
287.26678;10000.0;
287.32678;10000.0;
287.4468;10000.0;
287.50693;10000.0;
287.6468;10000.0;
287.7068;10000.0;
287.83682;10000.0;
287.89697;10000.0;
288.02692;16000.0;
288.12683;10000.0;
288.18683;10000.0;
288.307;10000.0;
288.36682;10000.0;
288.48682;10000.0;
288.5468;10000.0;
288.6969;10000.0;
288.78683;10000.0;
288.84692;10000.0;
288.96683;10000.0;
289.0268;10000.0;
289.1468;10000.0;
289.20682;10000.0;
289.32678;10000.0;
289.38693;10000.0;
289.50684;10000.0;
289.62686;10000.0;
289.73682;10000.0;
289.8268;10000.0;
289.88678;10000.0;
290.0168;10000.0;
290.1168;10000.0;
290.17682;10000.0;
290.29684;10000.0;
290.3568;10000.0;
290.47687;10000.0;
290.5368;10000.0;
290.65677;10000.0;
290.7768;16000.0;
290.86682;16000.0;
290.92682;16000.0;
291.04678;16000.0;
291.1068;16000.0;
291.22678;10000.0;
291.2869;10000.0;
291.40683;10000.0;
291.52682;10000.0;
291.58682;10000.0;
291.70688;10000.0;
291.81683;10000.0;
291.91684;10000.0;
291.97687;10000.0;
292.09683;10000.0;
292.19684;10000.0;
292.25732;10000.0;
292.3769;10000.0;
292.4368;10000.0;
292.5568;10000.0;
292.6168;10000.0;
292.73685;10000.0;
292.79706;10000.0;
292.91693;10000.0;
293.03677;10000.0;
293.0968;10000.0;
293.21677;10000.0;
293.2768;10000.0;
293.3968;10000.0;
293.51678;10000.0;
293.57678;10000.0;
293.70474;10000.0;
293.75693;10000.0;
293.8769;10000.0;
293.9368;10000.0;
294.0568;10000.0;
294.18683;16000.0;
294.2769;10000.0;
294.3368;10000.0;
294.45682;10000.0;
294.51678;10000.0;
294.6368;10000.0;
294.6969;10000.0;
294.8168;10000.0;
294.93686;10000.0;
294.9968;10000.0;
295.1169;10000.0;
295.1768;10000.0;
295.29678;10000.0;
295.36322;10000.0;
295.47678;10000.0;
295.5968;10000.0;
295.65686;10000.0;
295.77704;10000.0;
295.83725;10000.0;
295.9568;10000.0;
296.01703;10000.0;
296.13678;10000.0;
296.2568;10000.0;
296.3168;10000.0;
296.43692;10000.0;
296.4968;10000.0;
296.6168;10000.0;
296.6768;10000.0;
296.7968;10000.0;
296.9168;10000.0;
296.9768;10000.0;
297.0968;10000.0;
297.21683;16000.0;
297.27692;16000.0;
297.3968;16000.0;
297.49683;16000.0;
297.5569;16000.0;
297.67685;16000.0;
297.73685;16000.0;
297.8768;16000.0;
297.93683;16000.0;
298.0568;16000.0;
298.1168;16000.0;
298.23703;16000.0;
298.29678;16000.0;
298.41678;16000.0;
298.47678;16000.0;
298.59677;16000.0;
298.7168;16000.0;
298.77707;16000.0;
298.89682;16000.0;
298.9568;16000.0;
299.07678;16000.0;
299.19687;16000.0;
299.2568;16000.0;
299.3769;16000.0;
299.4368;16000.0;
299.5568;16000.0;
299.6168;16000.0;
299.73685;16000.0;
299.85684;16000.0;
299.91684;16000.0;
300.03677;16000.0;
300.10028;16000.0;
300.2168;16000.0;
300.27695;16000.0;
300.39685;16000.0;
300.51956;16000.0;
300.57773;16000.0;
300.69705;16000.0;
300.7568;16000.0;
300.87692;16000.0;
300.99683;16000.0;
301.05695;16000.0;
301.1768;16000.0;
301.23712;16000.0;
301.357;16000.0;
301.4168;16000.0;
301.5368;16000.0;
301.6568;16000.0;
301.71762;16000.0;
301.83948;16000.0;
301.897;16000.0;
302.0168;16000.0;
302.07974;16000.0;
302.19684;16000.0;
302.31693;16000.0;
302.3768;16000.0;
302.49683;16000.0;
302.55682;16000.0;
302.67685;16000.0;
302.73688;16000.0;
302.85684;16000.0;
302.97678;16000.0;
303.03693;16000.0;
303.15686;16000.0;
303.2168;16000.0;
303.33682;16000.0;
303.45676;16000.0;
303.63684;16000.0;
303.69684;16000.0;
303.81696;16000.0;
303.87683;16000.0;
303.99683;16000.0;
304.1168;16000.0;
304.17682;16000.0;
304.2968;16000.0;
304.35684;16000.0;
304.4768;16000.0;
304.53735;16000.0;
304.65704;16000.0;
304.77686;16000.0;
304.8368;16000.0;
304.9571;16000.0;
305.0168;16000.0;
305.1368;16000.0;
305.25677;16000.0;
305.31705;16000.0;
305.43683;16000.0;
305.4968;16000.0;
305.61676;16000.0;
305.67682;16000.0;
305.7968;16000.0;
305.9168;16000.0;
305.97684;16000.0;
306.09683;16000.0;
306.15683;16000.0;
306.27686;16000.0;
306.33682;16000.0;
306.4568;16000.0;
306.57678;16000.0;
306.63678;16000.0;
306.7568;16000.0;
306.8169;16000.0;
306.93692;16000.0;
306.99683;16000.0;
307.1168;16000.0;
307.23682;16000.0;
307.2968;16000.0;
307.41678;16000.0;
307.4768;16000.0;
307.59677;16000.0;
307.7173;16000.0;
307.77682;16000.0;
307.8969;16000.0;
307.9569;16000.0;
308.07712;16000.0;
308.1369;16000.0;
308.2568;16000.0;
308.37683;16000.0;
308.4369;16000.0;
308.5568;16000.0;
308.61682;16000.0;
308.73682;16000.0;
308.7968;16000.0;
308.91684;16000.0;
309.0368;16000.0;
309.0968;16000.0;
309.21683;16000.0;
309.2768;16000.0;
309.39706;16000.0;
309.45682;16000.0;
309.5768;16000.0;
309.6968;16000.0;
309.75684;16000.0;
309.87677;16000.0;
309.937;16000.0;
310.0568;16000.0;
310.1768;16000.0;
310.2368;16000.0;
310.35687;16000.0;
310.41714;16000.0;
310.53683;16000.0;
310.5968;16000.0;
310.7168;16000.0;
310.8368;16000.0;
310.89697;16000.0;
311.01685;16000.0;
311.0768;16000.0;
311.19678;16000.0;
311.25677;16000.0;
311.3768;16000.0;
311.49683;16000.0;
311.5576;16000.0;
311.6768;16000.0;
311.73685;16000.0;
311.85693;16000.0;
311.97708;16000.0;
312.03683;16000.0;
312.15683;16000.0;
312.21677;16000.0;
312.33682;16000.0;
312.39685;16000.0;
312.51688;16000.0;
312.63678;16000.0;
312.69678;16000.0;
312.81677;16000.0;
312.87683;16000.0;
312.9968;16000.0;
313.05695;16000.0;
313.1768;16000.0;
313.2968;16000.0;
313.35684;16000.0;
313.4779;16000.0;
313.5368;16000.0;
313.6568;16000.0;
313.7768;16000.0;
313.83682;16000.0;
313.9568;16000.0;
314.01685;16000.0;
314.1368;16000.0;
314.19678;16000.0;
314.3168;16000.0;
314.43726;16000.0;
314.4968;16000.0;
314.61694;16000.0;
