unit -> SI (lux) 
Timestamp;lux;
0.050524;10000.0;
0.17048499;10000.0;
0.23044498;10000.0;
0.350449;10000.0;
0.41042596;10000.0;
0.5304;10000.0;
0.59064;10000.0;
0.710477;10000.0;
0.830458;10000.0;
0.891569;10000.0;
1.010444;10000.0;
1.0704039;10000.0;
1.1904039;10000.0;
1.2504089;10000.0;
1.3703921;10000.0;
1.4904059;10000.0;
1.5505509;10000.0;
1.6704829;10000.0;
1.7304059;10000.0;
1.850402;10000.0;
1.910404;10000.0;
2.0304089;10000.0;
2.1504068;10000.0;
2.2104418;10000.0;
2.3303947;10000.0;
2.390409;10000.0;
2.510484;10000.0;
2.6306758;10000.0;
2.69041;10000.0;
2.810397;10000.0;
2.879315;10000.0;
2.990432;10000.0;
3.0506828;10000.0;
3.1705258;10000.0;
3.2903998;10000.0;
3.3503978;10000.0;
3.470415;10000.0;
3.530391;10000.0;
3.650434;10000.0;
3.7105129;10000.0;
3.8304088;10000.0;
3.9504278;10000.0;
4.0104227;10000.0;
4.1305666;10000.0;
4.1904187;10000.0;
4.310429;10000.0;
4.370455;10000.0;
4.4904037;10000.0;
4.611219;10000.0;
4.670474;10000.0;
4.790406;10000.0;
4.850403;10000.0;
4.972151;10000.0;
5.030426;10000.0;
5.150409;10000.0;
5.270447;10000.0;
5.330418;10000.0;
5.4504046;10000.0;
5.510467;10000.0;
5.630664;10000.0;
5.690435;10000.0;
5.8104086;10000.0;
5.9304256;10000.0;
5.9904766;10000.0;
6.110403;10000.0;
6.1704936;10000.0;
6.29041;10000.0;
6.3504677;10000.0;
6.4705276;10000.0;
6.590641;10000.0;
6.6504455;10000.0;
6.77044;10000.0;
6.830415;10000.0;
6.9504147;10000.0;
7.010526;10000.0;
7.130484;10000.0;
7.2504096;10000.0;
7.310407;10000.0;
7.43041;10000.0;
7.490411;10000.0;
7.6104608;10000.0;
7.670472;10000.0;
7.7904058;10000.0;
7.9104395;10000.0;
7.970396;10000.0;
8.09048;10000.0;
8.150396;10000.0;
8.270407;10000.0;
8.3303995;10000.0;
8.450429;10000.0;
8.5704365;10000.0;
8.630557;10000.0;
8.750394;10000.0;
8.810437;10000.0;
8.930415;10000.0;
8.990433;10000.0;
9.1104355;10000.0;
9.230428;10000.0;
9.290408;10000.0;
9.41042;10000.0;
9.47065;10000.0;
9.590637;10000.0;
9.650411;10000.0;
9.770408;10000.0;
9.834737;10000.0;
9.950419;10000.0;
10.070421;10000.0;
10.130486;10000.0;
10.250396;10000.0;
10.310396;10000.0;
10.430397;10000.0;
10.550569;10000.0;
10.610416;10000.0;
10.730452;10000.0;
10.790431;10000.0;
10.910399;10000.0;
10.970452;10000.0;
11.090623;10000.0;
11.210432;10000.0;
11.270515;10000.0;
11.390865;10000.0;
11.450424;10000.0;
11.5704565;10000.0;
11.63051;10000.0;
11.750449;10000.0;
11.870413;10000.0;
11.931009;10000.0;
12.050489;10000.0;
12.110429;10000.0;
12.230428;10000.0;
12.290409;10000.0;
12.410392;10000.0;
12.530495;10000.0;
12.591039;10000.0;
12.7104025;10000.0;
12.770398;10000.0;
12.890413;10000.0;
12.950421;10000.0;
13.070408;10000.0;
13.190545;10000.0;
13.250399;10000.0;
13.370429;10000.0;
13.43072;10000.0;
13.550641;10000.0;
13.61041;10000.0;
13.73042;10000.0;
13.850431;10000.0;
13.910435;10000.0;
14.030394;10000.0;
14.090939;10000.0;
14.2104225;10000.0;
14.270393;10000.0;
14.398565;10000.0;
14.510497;10000.0;
14.570386;10000.0;
14.690623;10000.0;
14.75047;10000.0;
14.870428;10000.0;
14.930389;10000.0;
15.050488;10000.0;
15.170449;10000.0;
15.2304945;10000.0;
15.350394;10000.0;
15.410395;10000.0;
15.530408;10000.0;
15.590738;10000.0;
15.7104;10000.0;
15.830408;10000.0;
15.890412;10000.0;
16.010502;10000.0;
16.0704;10000.0;
16.190422;10000.0;
16.250395;10000.0;
16.370398;10000.0;
16.490417;10000.0;
16.552404;10000.0;
16.670439;10000.0;
16.730452;10000.0;
16.850588;10000.0;
16.910414;10000.0;
17.030483;10000.0;
17.1504;10000.0;
17.21042;10000.0;
17.3304;10000.0;
17.390406;10000.0;
17.510752;10000.0;
17.570406;10000.0;
17.690405;10000.0;
17.811094;10000.0;
17.871403;10000.0;
17.99042;10000.0;
18.050488;10000.0;
18.170439;10000.0;
18.230404;10000.0;
18.350422;10000.0;
18.470497;10000.0;
18.530468;10000.0;
18.650415;10000.0;
18.710428;10000.0;
18.830395;10000.0;
18.890476;10000.0;
19.01049;10000.0;
19.130484;10000.0;
19.190449;10000.0;
19.310423;10000.0;
19.370419;10000.0;
19.49042;10000.0;
19.550531;10000.0;
19.670443;10000.0;
19.79044;10000.0;
19.850395;10000.0;
19.970467;10000.0;
20.030418;10000.0;
20.150425;10000.0;
20.210407;10000.0;
20.330734;10000.0;
20.4504;10000.0;
20.510508;10000.0;
20.630476;10000.0;
20.690401;10000.0;
20.810532;10000.0;
20.930416;10000.0;
20.990396;10000.0;
21.11042;10000.0;
21.1705;10000.0;
21.29045;10000.0;
21.350607;10000.0;
21.470585;10000.0;
21.590834;10000.0;
21.650625;10000.0;
21.774614;10000.0;
21.830412;10000.0;
21.950396;10000.0;
22.010511;10000.0;
22.130495;10000.0;
22.250427;10000.0;
22.310421;10000.0;
22.430445;10000.0;
22.490416;10000.0;
22.610888;10000.0;
22.670433;10000.0;
22.790438;10000.0;
22.910418;10000.0;
22.970478;10000.0;
23.090567;10000.0;
23.150398;10000.0;
23.270432;10000.0;
23.33041;10000.0;
23.45044;10000.0;
23.570402;10000.0;
23.630466;10000.0;
23.75042;10000.0;
23.810465;10000.0;
23.9304;10000.0;
23.990435;10000.0;
24.110462;10000.0;
24.230453;10000.0;
24.290417;10000.0;
24.410408;10000.0;
24.470716;10000.0;
24.590479;10000.0;
24.650398;10000.0;
24.770403;10000.0;
24.89041;10000.0;
24.95042;10000.0;
25.07041;10000.0;
25.13051;10000.0;
25.250416;10000.0;
25.310411;10000.0;
25.43048;10000.0;
25.55074;10000.0;
25.610426;10000.0;
25.730398;10000.0;
25.79041;10000.0;
25.91042;10000.0;
25.97049;10000.0;
26.090586;10000.0;
26.21041;10000.0;
26.27044;10000.0;
26.390455;10000.0;
26.450434;10000.0;
26.570417;10000.0;
26.630524;10000.0;
26.750427;10000.0;
26.870392;10000.0;
26.930431;10000.0;
27.05067;10000.0;
27.110409;10000.0;
27.230408;10000.0;
27.290419;10000.0;
27.410423;10000.0;
27.530493;10000.0;
27.590616;10000.0;
27.710402;10000.0;
27.770473;10000.0;
27.890419;10000.0;
27.950407;10000.0;
28.07042;10000.0;
28.190441;10000.0;
28.25041;10000.0;
28.370419;10000.0;
28.430418;10000.0;
28.550503;10000.0;
28.61044;10000.0;
28.730433;10000.0;
28.850431;10000.0;
28.910412;10000.0;
29.030546;10000.0;
29.09048;10000.0;
29.210419;10000.0;
29.27044;10000.0;
29.39052;10000.0;
29.510645;10000.0;
29.570566;10000.0;
29.69041;10000.0;
29.750427;10000.0;
29.8704;10000.0;
29.930471;10000.0;
30.050482;10000.0;
30.170443;10000.0;
30.230452;10000.0;
30.350397;10000.0;
30.410418;10000.0;
30.5304;10000.0;
30.590828;10000.0;
30.7104;10000.0;
30.830408;10000.0;
30.890434;10000.0;
31.010466;10000.0;
31.070402;10000.0;
31.190401;10000.0;
31.250402;10000.0;
31.370396;10000.0;
31.490396;10000.0;
31.5506;10000.0;
31.670416;10000.0;
31.730408;10000.0;
31.850414;10000.0;
31.970499;10000.0;
32.03039;10000.0;
32.150417;10000.0;
32.210396;10000.0;
32.33046;10000.0;
32.3904;10000.0;
32.51051;10000.0;
32.63055;10000.0;
32.69044;10000.0;
32.810406;10000.0;
32.87041;10000.0;
32.990425;10000.0;
33.05052;10000.0;
33.170444;10000.0;
33.290413;10000.0;
33.350574;10000.0;
33.4705;10000.0;
33.530552;10000.0;
33.650417;10000.0;
33.710438;10000.0;
33.830402;10000.0;
33.950428;10000.0;
34.01054;10000.0;
34.130474;10000.0;
34.1904;10000.0;
34.310402;10000.0;
34.370407;10000.0;
34.4904;10000.0;
34.610725;10000.0;
34.67045;10000.0;
34.790413;10000.0;
34.850403;10000.0;
34.970535;10000.0;
35.03046;10000.0;
35.150444;10000.0;
35.270496;10000.0;
35.330425;10000.0;
35.450405;10000.0;
35.510498;10000.0;
35.630543;10000.0;
35.690426;10000.0;
35.810402;10000.0;
35.9304;10000.0;
35.990395;10000.0;
36.110424;10000.0;
36.17045;10000.0;
36.290394;10000.0;
36.35046;10000.0;
36.470547;10000.0;
36.59048;10000.0;
36.650417;10000.0;
36.770428;10000.0;
36.830444;10000.0;
36.95065;10000.0;
37.01064;10000.0;
37.130486;10000.0;
37.25047;10000.0;
37.310455;10000.0;
37.43048;10000.0;
37.490437;10000.0;
37.61043;10000.0;
37.670425;10000.0;
37.790436;10000.0;
37.910397;10000.0;
37.97053;10000.0;
38.09053;10000.0;
38.150425;10000.0;
38.27041;10000.0;
38.330456;10000.0;
38.450424;10000.0;
38.570415;10000.0;
38.630505;10000.0;
38.7504;10000.0;
38.8104;10000.0;
38.930416;10000.0;
38.99042;10000.0;
39.11041;10000.0;
39.2304;10000.0;
39.29042;10000.0;
39.41041;10000.0;
39.470512;10000.0;
39.590637;10000.0;
39.71129;10000.0;
39.770523;10000.0;
39.890404;10000.0;
39.95041;10000.0;
40.070393;10000.0;
40.130554;10000.0;
40.25041;10000.0;
40.370434;10000.0;
40.430405;10000.0;
40.55061;10000.0;
40.610405;10000.0;
40.73039;10000.0;
40.7904;10000.0;
40.910454;10000.0;
41.030426;10000.0;
41.090576;10000.0;
41.210423;10000.0;
41.270435;10000.0;
41.3904;10000.0;
41.4504;10000.0;
41.570396;10000.0;
41.690483;10000.0;
41.790413;10000.0;
41.850395;10000.0;
41.970444;10000.0;
42.030403;10000.0;
42.150394;10000.0;
42.210426;10000.0;
42.36041;10000.0;
42.420433;10000.0;
42.54043;10000.0;
42.600525;10000.0;
42.72052;10000.0;
42.780426;10000.0;
42.90935;10000.0;
42.960396;10000.0;
43.080425;10000.0;
43.200417;10000.0;
43.260452;10000.0;
43.380417;10000.0;
43.44039;10000.0;
43.560574;10000.0;
43.620464;10000.0;
43.74043;10000.0;
43.860405;10000.0;
43.9205;10000.0;
44.040466;10000.0;
44.100513;10000.0;
44.22051;10000.0;
44.280415;10000.0;
44.400417;10000.0;
44.520405;10000.0;
44.58047;10000.0;
44.70042;10000.0;
44.760426;10000.0;
44.8804;10000.0;
44.940495;10000.0;
45.060524;10000.0;
45.180614;10000.0;
45.240417;10000.0;
45.36043;10000.0;
45.4204;10000.0;
45.540535;10000.0;
45.600525;10000.0;
45.72049;10000.0;
45.84044;10000.0;
45.900406;10000.0;
46.020454;10000.0;
46.08042;10000.0;
46.2004;10000.0;
46.260456;10000.0;
46.38041;10000.0;
46.50041;10000.0;
46.560444;10000.0;
46.68139;10000.0;
46.7404;10000.0;
46.860397;10000.0;
46.980392;10000.0;
47.040398;10000.0;
47.16046;10000.0;
47.220676;10000.0;
47.340427;10000.0;
47.40047;10000.0;
47.520397;10000.0;
47.640564;10000.0;
47.700397;10000.0;
47.82044;10000.0;
47.88049;10000.0;
48.000504;10000.0;
48.060543;10000.0;
48.180595;10000.0;
48.300396;10000.0;
48.36041;10000.0;
48.480522;10000.0;
48.54045;10000.0;
48.660427;10000.0;
48.72041;10000.0;
48.841698;10000.0;
48.960403;10000.0;
49.020397;10000.0;
49.140854;10000.0;
49.200417;10000.0;
49.321297;10000.0;
49.38042;10000.0;
49.500412;10000.0;
49.620396;10000.0;
49.680775;10000.0;
49.800426;10000.0;
49.86041;10000.0;
49.98039;10000.0;
50.04043;10000.0;
50.160393;10000.0;
50.280422;10000.0;
50.34045;10000.0;
50.460396;10000.0;
50.52476;10000.0;
50.64081;10000.0;
50.70042;10000.0;
50.8204;10000.0;
50.9404;10000.0;
51.000473;10000.0;
51.120487;10000.0;
51.18063;10000.0;
51.3004;10000.0;
51.360394;10000.0;
51.480537;10000.0;
51.60432;10000.0;
51.66044;10000.0;
51.780403;10000.0;
51.840416;10000.0;
51.960426;10000.0;
52.020393;10000.0;
52.140488;10000.0;
52.260456;10000.0;
52.320408;10000.0;
52.440426;10000.0;
52.500416;10000.0;
52.620438;10000.0;
52.68049;10000.0;
52.800514;10000.0;
52.920406;10000.0;
52.980408;10000.0;
53.100456;10000.0;
53.160408;10000.0;
53.280415;10000.0;
53.34276;10000.0;
53.4604;10000.0;
53.580414;10000.0;
53.640755;10000.0;
53.760506;10000.0;
53.820465;10000.0;
53.940395;10000.0;
54.000427;10000.0;
54.12041;10000.0;
54.24041;10000.0;
54.300426;10000.0;
54.4205;10000.0;
54.480473;10000.0;
54.60056;10000.0;
54.72061;10000.0;
54.78042;10000.0;
54.90041;10000.0;
54.960598;10000.0;
55.08203;10000.0;
55.140472;10000.0;
55.26046;10000.0;
55.380405;10000.0;
55.44041;10000.0;
55.56042;10000.0;
55.62041;10000.0;
55.740425;10000.0;
55.800438;10000.0;
55.920403;10000.0;
56.040398;10000.0;
56.10048;10000.0;
56.22056;10000.0;
56.28041;10000.0;
56.40039;10000.0;
56.4604;10000.0;
56.580452;10000.0;
56.700397;10000.0;
56.7605;10000.0;
56.88041;10000.0;
56.94041;10000.0;
57.060646;10000.0;
57.120743;10000.0;
57.240406;10000.0;
57.360424;10000.0;
57.420425;10000.0;
57.540394;10000.0;
57.600426;10000.0;
57.72065;10000.0;
57.780407;10000.0;
57.900394;10000.0;
58.020473;10000.0;
58.080395;10000.0;
58.20041;10000.0;
58.260864;10000.0;
58.380417;10000.0;
58.440422;10000.0;
58.560413;10000.0;
58.68065;10000.0;
58.740456;10000.0;
58.86041;10000.0;
58.920425;10000.0;
59.0404;10000.0;
59.100433;10000.0;
59.220554;10000.0;
59.340412;10000.0;
59.400402;10000.0;
59.520386;10000.0;
59.58043;10000.0;
59.70048;10000.0;
59.76141;10000.0;
59.8804;10000.0;
60.000427;10000.0;
60.060425;10000.0;
60.18047;10000.0;
60.24039;10000.0;
60.360466;10000.0;
60.4804;10000.0;
60.5405;10000.0;
60.660397;10000.0;
60.720547;10000.0;
60.84217;10000.0;
60.900414;10000.0;
61.020493;10000.0;
61.140507;10000.0;
61.2004;10000.0;
61.320404;10000.0;
61.380398;10000.0;
61.500423;10000.0;
61.560474;10000.0;
61.680584;10000.0;
61.800453;10000.0;
61.860394;10000.0;
61.980442;10000.0;
62.040424;10000.0;
62.1604;10000.0;
62.2205;10000.0;
62.340405;10000.0;
62.460415;10000.0;
62.640484;10000.0;
62.700424;10000.0;
62.820408;10000.0;
62.88042;10000.0;
63.000416;10000.0;
63.120403;10000.0;
63.180492;10000.0;
63.30049;10000.0;
63.360428;10000.0;
63.480423;10000.0;
63.540398;10000.0;
63.660427;10000.0;
63.780415;10000.0;
63.84042;10000.0;
63.96042;10000.0;
64.02041;10000.0;
64.14042;10000.0;
64.26062;10000.0;
64.32042;10000.0;
64.4404;10000.0;
64.50042;10000.0;
64.62039;10000.0;
64.6805;10000.0;
64.80047;10000.0;
64.92041;10000.0;
64.98044;10000.0;
65.10042;10000.0;
65.1604;10000.0;
65.28046;10000.0;
65.34045;10000.0;
65.4604;10000.0;
65.5804;10000.0;
65.64053;10000.0;
65.76064;10000.0;
65.820404;10000.0;
65.94046;10000.0;
66.0004;10000.0;
66.12043;10000.0;
66.24043;10000.0;
66.30044;10000.0;
66.420395;10000.0;
66.48041;10000.0;
66.6004;10000.0;
66.6604;10000.0;
66.780426;10000.0;
66.90045;10000.0;
66.960396;10000.0;
67.080605;10000.0;
67.140434;10000.0;
67.26047;10000.0;
67.32044;10000.0;
67.4404;10000.0;
67.56045;10000.0;
67.620415;10000.0;
67.74042;10000.0;
67.80051;10000.0;
67.92061;10000.0;
67.98043;10000.0;
68.100395;10000.0;
68.22058;10000.0;
68.28042;10000.0;
68.40042;10000.0;
68.46042;10000.0;
68.64134;10000.0;
68.7605;10000.0;
68.88042;10000.0;
68.94043;10000.0;
69.060394;10000.0;
69.12039;10000.0;
69.24044;10000.0;
69.36043;10000.0;
69.420456;10000.0;
69.54043;10000.0;
69.600395;10000.0;
69.7206;10000.0;
69.780396;10000.0;
69.90044;10000.0;
70.020424;10000.0;
70.080414;10000.0;
70.20042;10000.0;
70.260666;10000.0;
70.38043;10000.0;
70.44057;10000.0;
70.56044;10000.0;
70.68068;10000.0;
70.74041;10000.0;
70.86044;10000.0;
70.920456;10000.0;
71.040405;10000.0;
71.100395;10000.0;
71.22061;10000.0;
71.34052;10000.0;
71.400406;10000.0;
71.520424;10000.0;
71.58043;10000.0;
71.7004;10000.0;
71.7605;10000.0;
71.88046;10000.0;
72.00041;10000.0;
72.0604;10000.0;
72.18045;10000.0;
72.24045;10000.0;
72.36041;10000.0;
72.420425;10000.0;
72.54041;10000.0;
72.66047;10000.0;
72.72115;10000.0;
72.84051;10000.0;
72.90043;10000.0;
73.0204;10000.0;
73.140755;10000.0;
73.2004;10000.0;
73.32042;10000.0;
73.380455;10000.0;
73.500404;10000.0;
73.56042;10000.0;
73.680435;10000.0;
73.800575;10000.0;
73.860435;10000.0;
73.980446;10000.0;
74.040405;10000.0;
74.16042;10000.0;
74.22049;10000.0;
74.3405;10000.0;
74.46048;10000.0;
74.52044;10000.0;
74.6404;10000.0;
74.70055;10000.0;
74.82041;10000.0;
74.880455;10000.0;
75.00041;10000.0;
75.1205;10000.0;
75.180664;10000.0;
75.30092;10000.0;
75.36044;10000.0;
75.4804;10000.0;
75.5405;10000.0;
75.66048;10000.0;
75.7804;10000.0;
75.84072;10000.0;
75.96041;10000.0;
76.02043;10000.0;
76.1404;10000.0;
76.20042;10000.0;
76.32041;10000.0;
76.44041;10000.0;
76.50045;10000.0;
76.620544;10000.0;
76.6804;10000.0;
76.80055;10000.0;
76.921814;10000.0;
76.980484;10000.0;
77.10046;10000.0;
77.16044;10000.0;
77.2804;10000.0;
77.340546;10000.0;
77.46041;10000.0;
77.58042;10000.0;
77.64057;10000.0;
77.76056;10000.0;
77.82041;10000.0;
77.94049;10000.0;
78.000435;10000.0;
78.12049;10000.0;
78.240425;10000.0;
78.30074;10000.0;
78.42044;10000.0;
78.48041;10000.0;
78.6004;10000.0;
78.66039;10000.0;
78.78045;10000.0;
78.900505;10000.0;
78.9604;10000.0;
79.08043;10000.0;
79.14043;10000.0;
79.26049;10000.0;
79.3204;10000.0;
79.44041;10000.0;
79.56039;10000.0;
79.620415;10000.0;
79.74043;10000.0;
79.8005;10000.0;
79.92048;10000.0;
79.9804;10000.0;
80.10044;10000.0;
80.22044;10000.0;
80.28042;10000.0;
80.40041;10000.0;
80.46739;10000.0;
80.58047;10000.0;
80.70106;10000.0;
80.76106;10000.0;
80.88047;10000.0;
80.940414;10000.0;
81.06043;10000.0;
81.12044;10000.0;
81.240395;10000.0;
81.360405;10000.0;
81.420494;10000.0;
81.540405;10000.0;
81.6005;10000.0;
81.72042;10000.0;
81.780396;10000.0;
81.90039;10000.0;
82.02042;10000.0;
82.08039;10000.0;
82.2004;10000.0;
82.2605;10000.0;
82.38051;10000.0;
82.440414;10000.0;
82.5606;10000.0;
82.68042;10000.0;
82.74043;10000.0;
82.86046;10000.0;
82.92049;10000.0;
83.04164;10000.0;
83.100464;10000.0;
83.220406;10000.0;
83.3405;10000.0;
83.40039;10000.0;
83.520454;10000.0;
83.58042;10000.0;
83.70042;10000.0;
83.8204;10000.0;
83.88058;10000.0;
84.00041;10000.0;
84.0604;10000.0;
84.18042;10000.0;
84.24045;10000.0;
84.36044;10000.0;
84.480415;10000.0;
84.54044;10000.0;
84.66041;10000.0;
84.72042;10000.0;
84.84049;10000.0;
84.9004;10000.0;
85.0204;10000.0;
85.14043;10000.0;
85.2004;10000.0;
85.320435;10000.0;
85.38062;10000.0;
85.500435;10000.0;
85.560394;10000.0;
85.68052;10000.0;
85.80048;10000.0;
85.86041;10000.0;
85.98172;10000.0;
86.04041;10000.0;
86.16042;10000.0;
86.22042;10000.0;
86.3405;10000.0;
86.4615;10000.0;
86.52118;10000.0;
86.64041;10000.0;
86.70041;10000.0;
86.82259;10000.0;
86.88048;10000.0;
87.000435;10000.0;
87.12039;10000.0;
87.18039;10000.0;
87.30045;10000.0;
87.360435;10000.0;
87.4804;10000.0;
87.6004;10000.0;
87.66041;10000.0;
87.7804;10000.0;
87.840546;10000.0;
87.960464;10000.0;
88.02056;10000.0;
88.14043;10000.0;
88.260414;10000.0;
88.320404;10000.0;
88.440384;10000.0;
88.50042;10000.0;
88.62073;10000.0;
88.68041;10000.0;
88.80128;10000.0;
88.92057;10000.0;
88.9804;10000.0;
89.1004;10000.0;
89.160446;10000.0;
89.280396;10000.0;
89.340454;10000.0;
89.46047;10000.0;
89.58046;10000.0;
89.6404;10000.0;
89.7604;10000.0;
89.82041;10000.0;
89.940414;10000.0;
90.00044;10000.0;
90.12042;10000.0;
90.24043;10000.0;
90.3004;10000.0;
90.42052;10000.0;
90.48042;10000.0;
90.6005;10000.0;
90.720406;10000.0;
90.78041;10000.0;
90.900406;10000.0;
90.96076;10000.0;
91.08103;10000.0;
91.140396;10000.0;
91.26039;10000.0;
91.38047;10000.0;
91.4404;10000.0;
91.56043;10000.0;
91.62042;10000.0;
91.740395;10000.0;
91.800415;10000.0;
91.92049;10000.0;
92.04042;10000.0;
92.100426;10000.0;
92.221146;10000.0;
92.28041;10000.0;
92.40041;10000.0;
92.46047;10000.0;
92.58043;10000.0;
92.70042;10000.0;
92.760445;10000.0;
92.88051;10000.0;
92.94049;10000.0;
93.0604;10000.0;
93.12043;10000.0;
93.24041;10000.0;
93.360435;10000.0;
93.42054;10000.0;
93.54043;10000.0;
93.601494;10000.0;
93.72042;10000.0;
93.84051;10000.0;
93.900406;10000.0;
94.02039;10000.0;
94.08043;10000.0;
94.20041;10000.0;
94.2604;10000.0;
94.380516;10000.0;
94.50047;10000.0;
94.5604;10000.0;
94.6804;10000.0;
94.740425;10000.0;
94.86041;10000.0;
94.9205;10000.0;
95.04046;10000.0;
95.16041;10000.0;
95.220406;10000.0;
95.34043;10000.0;
95.400406;10000.0;
95.52041;10000.0;
95.58048;10000.0;
95.70039;10000.0;
95.820435;10000.0;
95.88052;10000.0;
96.00051;10000.0;
96.060425;10000.0;
96.18041;10000.0;
96.240425;10000.0;
96.360405;10000.0;
96.480415;10000.0;
96.540504;10000.0;
96.66044;10000.0;
96.72041;10000.0;
96.84042;10000.0;
96.96054;10000.0;
97.020424;10000.0;
97.147446;10000.0;
97.20039;10000.0;
97.32043;10000.0;
97.38052;10000.0;
97.500626;10000.0;
97.62043;10000.0;
97.6804;10000.0;
97.80039;10000.0;
97.8604;10000.0;
97.98042;10000.0;
98.04052;10000.0;
98.160446;10000.0;
98.2804;10000.0;
98.340485;10000.0;
98.460625;10000.0;
98.52044;10000.0;
98.64041;10000.0;
98.70039;10000.0;
98.82041;10000.0;
98.94042;10000.0;
99.00058;10000.0;
99.12041;10000.0;
99.18041;10000.0;
99.30042;10000.0;
99.3604;10000.0;
99.48041;10000.0;
99.60045;10000.0;
99.66047;10000.0;
99.78041;10000.0;
99.84041;10000.0;
99.96047;10000.0;
100.08047;10000.0;
100.140396;10000.0;
100.26042;10000.0;
100.32047;10000.0;
100.44047;10000.0;
100.500565;10000.0;
100.62043;10000.0;
100.74041;10000.0;
100.800385;10000.0;
100.92051;10000.0;
100.98044;10000.0;
101.10046;10000.0;
101.16044;10000.0;
101.2804;10000.0;
101.400406;10000.0;
101.4607;10000.0;
101.58063;10000.0;
101.6404;10000.0;
101.76041;10000.0;
101.820435;10000.0;
101.9404;10000.0;
102.06042;10000.0;
102.120445;10000.0;
102.24042;10000.0;
102.300415;10000.0;
102.42059;10000.0;
102.48039;10000.0;
102.600876;10000.0;
102.72042;10000.0;
102.78045;10000.0;
102.9004;10000.0;
102.960495;10000.0;
103.08071;10000.0;
103.20042;10000.0;
103.26039;10000.0;
103.380394;10000.0;
103.4404;10000.0;
103.56044;10000.0;
103.620476;10000.0;
103.74044;10000.0;
103.86042;10000.0;
103.92041;10000.0;
104.04058;10000.0;
104.100395;10000.0;
104.22474;10000.0;
104.28041;10000.0;
104.400826;10000.0;
104.52039;10000.0;
104.58095;10000.0;
104.70443;10000.0;
104.760414;10000.0;
104.8804;10000.0;
104.94044;10000.0;
105.06043;10000.0;
105.1804;10000.0;
105.240395;10000.0;
105.36041;10000.0;
105.42039;10000.0;
105.5407;10000.0;
105.60127;10000.0;
105.72204;10000.0;
105.84039;10000.0;
105.9004;10000.0;
106.02047;10000.0;
106.08075;10000.0;
106.20043;10000.0;
106.32052;10000.0;
106.38041;10000.0;
106.50067;10000.0;
106.56039;10000.0;
106.68041;10000.0;
106.74041;10000.0;
106.86039;10000.0;
106.98041;10000.0;
107.04053;10000.0;
107.16048;10000.0;
107.22044;10000.0;
107.3404;10000.0;
107.40041;10000.0;
107.52066;10000.0;
107.6404;10000.0;
107.70041;10000.0;
107.8204;10000.0;
107.880394;10000.0;
108.00048;10000.0;
108.06041;10000.0;
108.18042;10000.0;
108.3004;10000.0;
108.360466;10000.0;
108.48044;10000.0;
108.54047;10000.0;
108.660736;10000.0;
108.720436;10000.0;
108.840416;10000.0;
108.960396;10000.0;
109.0204;10000.0;
109.14465;10000.0;
109.200424;10000.0;
109.32042;10000.0;
109.38724;10000.0;
109.50054;10000.0;
109.62052;10000.0;
109.68041;10000.0;
109.80046;10000.0;
109.86042;10000.0;
109.98039;10000.0;
110.10042;10000.0;
110.16068;10000.0;
110.280426;10000.0;
110.3404;10000.0;
110.46043;10000.0;
110.52054;10000.0;
110.64041;10000.0;
110.76041;10000.0;
110.8204;10000.0;
110.94042;10000.0;
111.00046;10000.0;
111.12054;10000.0;
111.18041;10000.0;
111.3004;10000.0;
111.42041;10000.0;
111.4804;10000.0;
111.600494;10000.0;
111.6605;10000.0;
111.78176;10000.0;
111.84089;10000.0;
111.960396;10000.0;
112.0806;10000.0;
112.140434;10000.0;
112.2604;10000.0;
112.320404;10000.0;
112.44042;10000.0;
112.5604;10000.0;
112.62048;10000.0;
112.74046;10000.0;
112.80045;10000.0;
112.92041;10000.0;
112.9804;10000.0;
113.1004;10000.0;
113.2204;10000.0;
113.28043;10000.0;
113.40038;10000.0;
113.4604;10000.0;
113.58049;10000.0;
113.64045;10000.0;
113.76039;10000.0;
113.88041;10000.0;
113.94041;10000.0;
114.06053;10000.0;
114.12055;10000.0;
114.24045;10000.0;
114.3004;10000.0;
114.42042;10000.0;
114.54053;10000.0;
114.60123;10000.0;
114.720436;10000.0;
114.7804;10000.0;
114.900406;10000.0;
115.02041;10000.0;
115.08047;10000.0;
115.20051;10000.0;
115.26118;10000.0;
115.380424;10000.0;
115.44041;10000.0;
115.560394;10000.0;
115.68042;10000.0;
115.74065;10000.0;
115.86042;10000.0;
115.9204;10000.0;
116.04039;10000.0;
116.10039;10000.0;
116.22039;10000.0;
116.34071;10000.0;
116.40044;10000.0;
116.5204;10000.0;
116.58044;10000.0;
116.70082;10000.0;
116.76041;10000.0;
116.8813;10000.0;
117.000404;10000.0;
117.060394;10000.0;
117.1824;10000.0;
117.24052;10000.0;
117.36044;10000.0;
117.420395;10000.0;
117.540405;10000.0;
117.66051;10000.0;
117.7204;10000.0;
117.84041;10000.0;
117.90039;10000.0;
118.0204;10000.0;
118.14041;10000.0;
118.2005;10000.0;
118.32042;10000.0;
118.380424;10000.0;
118.50054;10000.0;
118.56046;10000.0;
118.680725;10000.0;
118.8004;10000.0;
118.860405;10000.0;
118.98041;10000.0;
119.040405;10000.0;
119.16053;10000.0;
119.220406;10000.0;
119.340416;10000.0;
119.46042;10000.0;
119.52095;10000.0;
119.640396;10000.0;
119.70048;10000.0;
119.82045;10000.0;
119.88042;10000.0;
120.000656;10000.0;
120.12043;10000.0;
120.180435;10000.0;
120.30039;10000.0;
120.360435;10000.0;
120.48048;10000.0;
120.54077;10000.0;
120.66054;10000.0;
120.78062;10000.0;
120.8404;10000.0;
120.96039;10000.0;
121.0204;10000.0;
121.140465;10000.0;
121.26042;10000.0;
121.320435;10000.0;
121.44039;10000.0;
121.50055;10000.0;
121.62046;10000.0;
121.680435;10000.0;
121.80042;10000.0;
121.9204;10000.0;
121.980415;10000.0;
122.100395;10000.0;
122.1605;10000.0;
122.28049;10000.0;
122.34048;10000.0;
122.46039;10000.0;
122.580605;10000.0;
122.6404;10000.0;
122.7604;10000.0;
122.82046;10000.0;
122.940506;10000.0;
123.00041;10000.0;
123.120445;10000.0;
123.24056;10000.0;
123.30049;10000.0;
123.42039;10000.0;
123.48041;10000.0;
123.6004;10000.0;
123.72044;10000.0;
123.780495;10000.0;
123.90039;10000.0;
123.96039;10000.0;
124.08045;10000.0;
124.1404;10000.0;
124.26049;10000.0;
124.38041;10000.0;
124.44054;10000.0;
124.56046;10000.0;
124.62054;10000.0;
124.74054;10000.0;
124.80052;10000.0;
124.9204;10000.0;
125.04043;10000.0;
125.10041;10000.0;
125.220436;10000.0;
125.28055;10000.0;
125.40046;10000.0;
125.46043;10000.0;
125.58046;10000.0;
125.70052;10000.0;
125.76043;10000.0;
125.88041;10000.0;
125.9404;10000.0;
126.06041;10000.0;
126.1204;10000.0;
126.24051;10000.0;
126.36049;10000.0;
126.420395;10000.0;
126.54041;10000.0;
126.60042;10000.0;
126.72043;10000.0;
126.84039;10000.0;
126.900406;10000.0;
127.020454;10000.0;
127.08038;10000.0;
127.20055;10000.0;
127.2607;10000.0;
127.38041;10000.0;
127.50107;10000.0;
127.56044;10000.0;
127.6804;10000.0;
127.74061;10000.0;
127.860634;10000.0;
127.92044;10000.0;
128.0404;10000.0;
128.16048;10000.0;
128.22049;10000.0;
128.34064;10000.0;
128.40047;10000.0;
128.5204;10000.0;
128.58041;10000.0;
128.70044;10000.0;
128.82053;10000.0;
128.88043;10000.0;
129.00041;10000.0;
129.06044;10000.0;
129.18044;10000.0;
129.30042;10000.0;
129.36049;10000.0;
129.4804;10000.0;
129.5404;10000.0;
129.66061;10000.0;
129.72044;10000.0;
129.8404;10000.0;
129.96039;10000.0;
130.0204;10000.0;
130.14043;10000.0;
130.20049;10000.0;
130.32071;10000.0;
130.38042;10000.0;
130.50041;10000.0;
130.6204;10000.0;
130.6804;10000.0;
130.8004;10000.0;
130.86049;10000.0;
130.98041;10000.0;
131.04042;10000.0;
131.1704;10000.0;
131.23041;10000.0;
131.35046;10000.0;
131.47041;10000.0;
131.53044;10000.0;
131.6504;10000.0;
131.7104;10000.0;
131.83047;10000.0;
131.89041;10000.0;
132.01042;10000.0;
132.1304;10000.0;
132.19069;10000.0;
132.31041;10000.0;
132.37051;10000.0;
132.49051;10000.0;
132.61043;10000.0;
132.67046;10000.0;
132.79048;10000.0;
132.8504;10000.0;
132.9704;10000.0;
133.0305;10000.0;
133.1504;10000.0;
133.27052;10000.0;
133.3304;10000.0;
133.45065;10000.0;
133.5104;10000.0;
133.6304;10000.0;
133.69041;10000.0;
133.81041;10000.0;
133.93042;10000.0;
133.99054;10000.0;
134.11038;10000.0;
134.1704;10000.0;
134.29045;10000.0;
134.3504;10000.0;
134.47038;10000.0;
134.59041;10000.0;
134.65042;10000.0;
134.77065;10000.0;
134.83075;10000.0;
134.9507;10000.0;
135.07048;10000.0;
135.1304;10000.0;
135.25046;10000.0;
135.31047;10000.0;
135.4304;10000.0;
135.49054;10000.0;
135.61043;10000.0;
135.73044;10000.0;
135.79042;10000.0;
135.91052;10000.0;
135.97041;10000.0;
136.0904;10000.0;
136.15039;10000.0;
136.27043;10000.0;
136.39044;10000.0;
136.45055;10000.0;
136.57051;10000.0;
136.63055;10000.0;
136.7504;10000.0;
136.81041;10000.0;
136.93044;10000.0;
137.05046;10000.0;
137.11044;10000.0;
137.23041;10000.0;
137.29048;10000.0;
137.41064;10000.0;
137.53049;10000.0;
137.59041;10000.0;
137.71042;10000.0;
137.7704;10000.0;
137.8904;10000.0;
137.9506;10000.0;
138.07047;10000.0;
138.19043;10000.0;
138.25041;10000.0;
138.37039;10000.0;
138.4304;10000.0;
138.55043;10000.0;
138.61049;10000.0;
138.73044;10000.0;
138.85045;10000.0;
138.91048;10000.0;
139.03056;10000.0;
139.09042;10000.0;
139.21042;10000.0;
139.39069;10000.0;
139.5104;10000.0;
139.57051;10000.0;
139.6904;10000.0;
139.7504;10000.0;
139.87044;10000.0;
139.9905;10000.0;
140.05042;10000.0;
140.1704;10000.0;
140.2304;10000.0;
140.3504;10000.0;
140.41045;10000.0;
140.53064;10000.0;
140.65044;10000.0;
140.71046;10000.0;
140.83041;10000.0;
140.8904;10000.0;
141.01042;10000.0;
141.07054;10000.0;
141.2005;10000.0;
141.2604;10000.0;
141.38043;10000.0;
141.5004;10000.0;
141.5604;10000.0;
141.68039;10000.0;
141.74042;10000.0;
141.86038;10000.0;
141.92041;10000.0;
142.04059;10000.0;
142.16057;10000.0;
142.22041;10000.0;
142.34047;10000.0;
142.4004;10000.0;
142.52043;10000.0;
142.5805;10000.0;
142.70058;10000.0;
142.8204;10000.0;
142.88043;10000.0;
143.00038;10000.0;
143.0604;10000.0;
143.1804;10000.0;
143.30038;10000.0;
143.36038;10000.0;
143.48044;10000.0;
143.54042;10000.0;
143.66095;10000.0;
143.72041;10000.0;
143.84041;10000.0;
143.9604;10000.0;
144.0204;10000.0;
144.14046;10000.0;
144.20067;10000.0;
144.3204;10000.0;
144.38048;10000.0;
144.5004;10000.0;
144.62059;10000.0;
144.6806;10000.0;
144.80042;10000.0;
144.86041;10000.0;
144.9804;10000.0;
145.0404;10000.0;
145.16066;10000.0;
145.28123;10000.0;
145.34041;10000.0;
145.4604;10000.0;
145.52045;10000.0;
145.64168;10000.0;
145.7611;10000.0;
145.8204;10000.0;
145.94041;10000.0;
146.00058;10000.0;
146.1206;10000.0;
146.18039;10000.0;
146.30045;10000.0;
146.4204;10000.0;
146.48041;10000.0;
146.60042;10000.0;
146.66083;10000.0;
146.78046;10000.0;
146.8404;10000.0;
146.9604;10000.0;
147.08044;10000.0;
147.1404;10000.0;
147.26042;10000.0;
147.32043;10000.0;
147.4404;10000.0;
147.50043;10000.0;
147.62053;10000.0;
147.74051;10000.0;
147.80042;10000.0;
147.92058;10000.0;
147.9804;10000.0;
148.10051;10000.0;
148.22046;10000.0;
148.28047;10000.0;
148.40039;10000.0;
148.46039;10000.0;
148.58043;10000.0;
148.64044;10000.0;
148.76044;10000.0;
148.8804;10000.0;
148.94041;10000.0;
149.0604;10000.0;
149.1205;10000.0;
149.24066;10000.0;
149.30045;10000.0;
149.42041;10000.0;
149.54045;10000.0;
149.60042;10000.0;
149.72041;10000.0;
149.78062;10000.0;
149.90042;10000.0;
149.96039;10000.0;
150.08038;10000.0;
150.20052;10000.0;
150.26047;10000.0;
150.44043;10000.0;
150.56046;10000.0;
150.6235;10000.0;
150.74059;10000.0;
150.86043;10000.0;
150.92046;10000.0;
151.04039;10000.0;
151.10042;10000.0;
151.22043;10000.0;
151.34044;10000.0;
151.40048;10000.0;
151.52042;10000.0;
151.58044;10000.0;
151.70058;10000.0;
151.76044;10000.0;
151.88043;10000.0;
152.0004;10000.0;
152.06041;10000.0;
152.18044;10000.0;
152.24057;10000.0;
152.36055;10000.0;
152.42041;10000.0;
152.54044;10000.0;
152.66042;10000.0;
152.72044;10000.0;
152.8404;10000.0;
152.90042;10000.0;
153.02046;10000.0;
153.1405;10000.0;
153.20065;10000.0;
153.32088;10000.0;
153.3804;10000.0;
153.5004;10000.0;
153.5604;10000.0;
153.68042;10000.0;
153.80042;10000.0;
153.86069;10000.0;
153.9804;10000.0;
154.04042;10000.0;
154.1604;10000.0;
154.22047;10000.0;
154.34041;10000.0;
154.46043;10000.0;
154.52042;10000.0;
154.6404;10000.0;
154.70042;10000.0;
154.82066;10000.0;
154.8804;10000.0;
155.0004;10000.0;
155.1204;10000.0;
155.18044;10000.0;
155.30042;10000.0;
155.36047;10000.0;
155.4804;10000.0;
155.60039;10000.0;
155.6604;10000.0;
155.78046;10000.0;
155.8446;10000.0;
155.9604;10000.0;
156.02039;10000.0;
156.14047;10000.0;
156.26039;10000.0;
156.32057;10000.0;
156.44046;10000.0;
156.5005;10000.0;
156.62051;10000.0;
156.68042;10000.0;
156.8004;10000.0;
156.92055;10000.0;
156.9804;10000.0;
157.1004;10000.0;
157.16055;10000.0;
157.28116;10000.0;
157.40045;10000.0;
157.4604;10000.0;
157.58043;10000.0;
157.64041;10000.0;
157.76045;10000.0;
157.82054;10000.0;
157.94044;10000.0;
158.06044;10000.0;
158.12042;10000.0;
158.24045;10000.0;
158.30042;10000.0;
158.42125;10000.0;
158.48053;10000.0;
158.6005;10000.0;
158.72043;10000.0;
158.78047;10000.0;
158.90079;10000.0;
158.96042;10000.0;
159.08041;10000.0;
159.14043;10000.0;
159.2604;10000.0;
159.3804;10000.0;
159.44057;10000.0;
159.5605;10000.0;
159.62042;10000.0;
159.7405;10000.0;
159.86047;10000.0;
159.92047;10000.0;
160.04044;10000.0;
160.10043;10000.0;
160.22041;10000.0;
160.28046;10000.0;
160.40529;10000.0;
160.52039;10000.0;
160.58041;10000.0;
160.70067;10000.0;
160.76039;10000.0;
160.88498;10000.0;
160.94048;10000.0;
161.0604;10000.0;
161.18059;10000.0;
161.24046;10000.0;
161.36063;10000.0;
161.42041;10000.0;
161.5405;10000.0;
161.60042;10000.0;
161.72041;10000.0;
161.8404;10000.0;
161.90045;10000.0;
162.02042;10000.0;
162.0804;10000.0;
162.20044;10000.0;
162.32043;10000.0;
162.38042;10000.0;
162.5004;10000.0;
162.56041;10000.0;
162.68039;10000.0;
162.74069;10000.0;
162.86049;10000.0;
162.98062;10000.0;
163.0404;10000.0;
163.16042;10000.0;
163.22038;10000.0;
163.34041;10000.0;
163.40048;10000.0;
163.52046;10000.0;
163.64046;10000.0;
163.70067;10000.0;
163.82043;10000.0;
163.88042;10000.0;
164.00041;10000.0;
164.12039;10000.0;
164.18039;10000.0;
164.30043;10000.0;
164.36053;10000.0;
164.4805;10000.0;
164.54042;10000.0;
164.66043;10000.0;
164.78041;10000.0;
164.9604;10000.0;
165.0205;10000.0;
165.1404;10000.0;
165.2004;10000.0;
165.3204;10000.0;
165.44046;10000.0;
165.5005;10000.0;
165.62039;10000.0;
165.68039;10000.0;
165.80043;10000.0;
165.86044;10000.0;
165.98047;10000.0;
166.10045;10000.0;
166.16046;10000.0;
166.2804;10000.0;
166.3404;10000.0;
166.46042;10000.0;
166.58041;10000.0;
166.64041;10000.0;
166.7604;10000.0;
166.82042;10000.0;
166.94052;10000.0;
167.00043;10000.0;
167.12234;10000.0;
167.24043;10000.0;
167.30045;10000.0;
167.42041;10000.0;
167.4805;10000.0;
167.60054;10000.0;
167.66069;10000.0;
167.7804;10000.0;
167.90045;10000.0;
167.9604;10000.0;
168.0804;10000.0;
168.14041;10000.0;
168.26222;10000.0;
168.38046;10000.0;
168.44058;10000.0;
168.56073;10000.0;
168.62158;10000.0;
168.74042;10000.0;
168.80042;10000.0;
168.9204;10000.0;
169.0405;10000.0;
169.10056;10000.0;
169.22043;10000.0;
169.28491;10000.0;
169.40053;10000.0;
169.46042;10000.0;
169.58044;10000.0;
169.70047;10000.0;
169.76042;10000.0;
169.8804;10000.0;
169.94058;10000.0;
170.06064;10000.0;
170.1204;10000.0;
170.2404;10000.0;
170.3604;10000.0;
170.42043;10000.0;
170.54037;10000.0;
170.60048;10000.0;
170.72043;10000.0;
170.8405;10000.0;
170.90039;10000.0;
171.02089;10000.0;
171.08041;10000.0;
171.20041;10000.0;
171.26045;10000.0;
171.38042;10000.0;
171.50044;10000.0;
171.56073;10000.0;
171.68048;10000.0;
171.74039;10000.0;
171.86041;10000.0;
171.92041;10000.0;
172.0404;10000.0;
172.16042;10000.0;
172.22046;10000.0;
172.34041;10000.0;
172.40042;10000.0;
172.52052;10000.0;
172.5804;10000.0;
172.7004;10000.0;
172.82039;10000.0;
172.8804;10000.0;
173.0004;10000.0;
173.061;10000.0;
173.18048;10000.0;
173.3004;10000.0;
173.3604;10000.0;
173.48045;10000.0;
173.54039;10000.0;
173.66048;10000.0;
173.72046;10000.0;
173.84041;10000.0;
173.96042;10000.0;
174.02055;10000.0;
174.14076;10000.0;
174.20047;10000.0;
174.3204;10000.0;
174.38043;10000.0;
174.50041;10000.0;
174.62067;10000.0;
174.68051;10000.0;
174.80042;10000.0;
174.8604;10000.0;
174.9804;10000.0;
175.10048;10000.0;
175.16039;10000.0;
175.28041;10000.0;
175.34045;10000.0;
175.46042;10000.0;
175.52046;10000.0;
175.64108;10000.0;
175.7604;10000.0;
175.82048;10000.0;
175.94041;10000.0;
176.00041;10000.0;
176.12042;10000.0;
176.18051;10000.0;
176.30043;10000.0;
176.42046;10000.0;
176.48041;10000.0;
176.60048;10000.0;
176.66042;10000.0;
176.78046;10000.0;
176.84041;10000.0;
176.96043;10000.0;
177.0804;10000.0;
177.14056;10000.0;
177.26044;10000.0;
177.3204;10000.0;
177.44038;10000.0;
177.56055;10000.0;
177.62039;10000.0;
177.74478;10000.0;
177.80043;10000.0;
177.92041;10000.0;
177.9804;10000.0;
178.10059;10000.0;
178.22455;10000.0;
178.28044;10000.0;
178.40062;10000.0;
178.46045;10000.0;
178.58049;10000.0;
178.64058;10000.0;
178.76048;10000.0;
178.8804;10000.0;
178.94046;10000.0;
179.06042;10000.0;
179.1204;10000.0;
179.24045;10000.0;
179.36043;10000.0;
179.42041;10000.0;
179.54039;10000.0;
179.60048;10000.0;
179.72046;10000.0;
179.78049;10000.0;
179.90048;10000.0;
180.02211;10000.0;
180.0804;10000.0;
180.20042;10000.0;
180.2605;10000.0;
180.38045;10000.0;
180.44177;10000.0;
180.5605;10000.0;
180.68059;10000.0;
180.74043;10000.0;
180.8604;10000.0;
180.92044;10000.0;
181.04039;10000.0;
181.10054;10000.0;
181.22047;10000.0;
181.3405;10000.0;
181.40042;10000.0;
181.52042;10000.0;
181.58041;10000.0;
181.70041;10000.0;
181.8204;10000.0;
181.8804;10000.0;
182.00041;10000.0;
182.0604;10000.0;
182.18048;10000.0;
182.2404;10000.0;
182.3604;10000.0;
182.48047;10000.0;
182.54044;10000.0;
182.66043;10000.0;
182.72047;10000.0;
182.84045;10000.0;
182.90039;10000.0;
183.02043;10000.0;
183.14041;10000.0;
183.2004;10000.0;
183.32043;10000.0;
183.38039;10000.0;
183.50041;10000.0;
183.6204;10000.0;
183.68045;10000.0;
183.80072;10000.0;
183.8604;10000.0;
183.98041;10000.0;
184.04054;10000.0;
184.1604;10000.0;
184.2804;10000.0;
184.34047;10000.0;
184.46043;10000.0;
184.52039;10000.0;
184.64043;10000.0;
184.70041;10000.0;
184.82039;10000.0;
184.94041;10000.0;
185.00044;10000.0;
185.1205;10000.0;
185.18047;10000.0;
185.30057;10000.0;
185.42043;10000.0;
185.4804;10000.0;
185.6004;10000.0;
185.6604;10000.0;
185.78044;10000.0;
185.84138;10000.0;
185.96074;10000.0;
186.08041;10000.0;
186.14041;10000.0;
186.26048;10000.0;
186.3204;10000.0;
186.44043;10000.0;
186.5004;10000.0;
186.62161;10000.0;
186.74039;10000.0;
186.80048;10000.0;
186.92044;10000.0;
186.9804;10000.0;
187.1004;10000.0;
187.16042;10000.0;
187.28043;10000.0;
187.40044;10000.0;
187.46043;10000.0;
187.58041;10000.0;
187.6415;10000.0;
187.76045;10000.0;
187.8805;10000.0;
187.9404;10000.0;
188.06046;10000.0;
188.12042;10000.0;
188.24042;10000.0;
188.30595;10000.0;
188.42052;10000.0;
188.5405;10000.0;
188.6004;10000.0;
188.721;10000.0;
188.78041;10000.0;
188.90044;10000.0;
188.96043;10000.0;
189.0804;10000.0;
189.20041;10000.0;
189.2605;10000.0;
189.38055;10000.0;
189.4404;10000.0;
189.56047;10000.0;
189.68056;10000.0;
189.7404;10000.0;
189.8604;10000.0;
189.92044;10000.0;
190.04042;10000.0;
190.10039;10000.0;
190.22041;10000.0;
190.34068;10000.0;
190.40065;10000.0;
190.52051;10000.0;
190.58038;10000.0;
190.70041;10000.0;
190.76039;10000.0;
190.88048;10000.0;
191.00043;10000.0;
191.0604;10000.0;
191.1804;10000.0;
191.2404;10000.0;
191.3604;10000.0;
191.48042;10000.0;
191.5404;10000.0;
191.6604;10000.0;
191.72043;10000.0;
191.84052;10000.0;
191.90039;10000.0;
192.02043;10000.0;
192.14043;10000.0;
192.20041;10000.0;
192.3204;10000.0;
192.38048;10000.0;
192.50047;10000.0;
192.56061;10000.0;
192.68044;10000.0;
192.80046;10000.0;
192.86041;10000.0;
192.9804;10000.0;
193.04039;10000.0;
193.16049;10000.0;
193.28044;10000.0;
193.34052;10000.0;
193.46059;10000.0;
193.52043;10000.0;
193.64066;10000.0;
193.70041;10000.0;
193.83032;10000.0;
193.9404;10000.0;
194.00046;10000.0;
194.12039;10000.0;
194.18039;10000.0;
194.30043;10000.0;
194.3604;10000.0;
194.48044;10000.0;
194.6004;10000.0;
194.66042;10000.0;
194.78043;10000.0;
194.8404;10000.0;
194.96065;10000.0;
195.08044;10000.0;
195.14043;10000.0;
195.2604;10000.0;
195.32039;10000.0;
195.44041;10000.0;
195.50055;10000.0;
195.62045;10000.0;
195.74042;10000.0;
195.80042;10000.0;
195.92062;10000.0;
195.98056;10000.0;
196.10039;10000.0;
196.16043;10000.0;
196.2804;10000.0;
196.40262;10000.0;
196.46072;10000.0;
196.58043;10000.0;
196.64041;10000.0;
196.76039;10000.0;
196.8805;10000.0;
196.94046;10000.0;
197.06041;10000.0;
197.12044;10000.0;
197.24042;10000.0;
197.3004;10000.0;
197.42047;10000.0;
197.54082;10000.0;
197.60042;10000.0;
197.72066;10000.0;
197.78041;10000.0;
197.90039;10000.0;
197.96046;10000.0;
198.08047;10000.0;
198.20042;10000.0;
198.26044;10000.0;
198.3804;10000.0;
198.4404;10000.0;
198.56042;10000.0;
198.62079;10000.0;
198.7404;10000.0;
198.8604;10000.0;
198.92047;10000.0;
199.04079;10000.0;
199.10039;10000.0;
199.22043;10000.0;
199.34042;10000.0;
199.40086;10000.0;
199.52042;10000.0;
199.58067;10000.0;
199.7004;10000.0;
199.76039;10000.0;
199.8804;10000.0;
200.00058;10000.0;
200.0604;10000.0;
200.18048;10000.0;
200.24045;10000.0;
200.36041;10000.0;
200.42044;10000.0;
200.54051;10000.0;
200.66043;10000.0;
200.72041;10000.0;
200.84041;10000.0;
200.90039;10000.0;
201.02058;10000.0;
201.14043;10000.0;
201.20055;10000.0;
201.32039;10000.0;
201.3804;10000.0;
201.50052;10000.0;
201.56042;10000.0;
201.68068;10000.0;
201.8004;10000.0;
201.86046;10000.0;
201.98041;10000.0;
202.0405;10000.0;
202.16046;10000.0;
202.22041;10000.0;
202.3404;10000.0;
202.46039;10000.0;
202.52051;10000.0;
202.64044;10000.0;
202.70056;10000.0;
202.8204;10000.0;
202.94038;10000.0;
203.00047;10000.0;
203.12059;10000.0;
203.1804;10000.0;
203.3004;10000.0;
203.36041;10000.0;
203.4804;10000.0;
203.6004;10000.0;
203.66092;10000.0;
203.78044;10000.0;
203.84042;10000.0;
203.9604;10000.0;
204.02307;10000.0;
204.14044;10000.0;
204.2604;10000.0;
204.32042;10000.0;
204.4404;10000.0;
204.5004;10000.0;
204.62073;10000.0;
204.74043;10000.0;
204.80064;10000.0;
204.92038;10000.0;
204.98038;10000.0;
205.10039;10000.0;
205.1606;10000.0;
205.28043;10000.0;
205.40044;10000.0;
205.46042;10000.0;
205.5805;10000.0;
205.64044;10000.0;
205.7604;10000.0;
205.82039;10000.0;
205.94041;10000.0;
206.06042;10000.0;
206.1205;10000.0;
206.24048;10000.0;
206.30038;10000.0;
206.42044;10000.0;
206.54045;10000.0;
206.60042;10000.0;
206.72041;10000.0;
206.78041;10000.0;
206.90039;10000.0;
206.96039;10000.0;
207.08049;10000.0;
207.14449;10000.0;
207.2607;10000.0;
207.38039;10000.0;
207.44054;10000.0;
207.56491;10000.0;
207.62088;10000.0;
207.74048;10000.0;
207.8604;10000.0;
207.92041;10000.0;
208.0404;10000.0;
208.10042;10000.0;
208.22055;10000.0;
208.34042;10000.0;
208.40053;10000.0;
208.52042;10000.0;
208.58047;10000.0;
208.7005;10000.0;
208.76044;10000.0;
208.88055;10000.0;
209.00041;10000.0;
209.0609;10000.0;
209.18039;10000.0;
209.24062;10000.0;
209.3604;10000.0;
209.4205;10000.0;
209.54132;10000.0;
209.66052;10000.0;
209.72038;10000.0;
209.8404;10000.0;
209.9004;10000.0;
210.02043;10000.0;
210.08049;10000.0;
210.20076;10000.0;
210.32047;10000.0;
210.38042;10000.0;
210.5004;10000.0;
210.56042;10000.0;
210.68042;10000.0;
210.8004;10000.0;
210.86041;10000.0;
210.98038;10000.0;
211.04039;10000.0;
211.16048;10000.0;
211.22041;10000.0;
211.34041;10000.0;
211.46046;10000.0;
211.52043;10000.0;
211.64041;10000.0;
211.70056;10000.0;
211.82053;10000.0;
211.8804;10000.0;
212.00047;10000.0;
212.12062;10000.0;
212.18044;10000.0;
212.30042;10000.0;
212.36058;10000.0;
212.48041;10000.0;
212.60043;10000.0;
212.66048;10000.0;
212.78072;10000.0;
212.84044;10000.0;
212.96039;10000.0;
213.02068;10000.0;
213.1404;10000.0;
213.26044;10000.0;
213.32072;10000.0;
213.44038;10000.0;
213.50046;10000.0;
213.62039;10000.0;
213.6804;10000.0;
213.8004;10000.0;
213.92041;10000.0;
213.98042;10000.0;
214.1004;10000.0;
214.16039;10000.0;
214.28056;10000.0;
214.4014;10000.0;
214.46042;10000.0;
214.58038;10000.0;
214.64041;10000.0;
214.7604;10000.0;
214.8207;10000.0;
214.94046;10000.0;
215.06042;10000.0;
215.12042;10000.0;
215.24054;10000.0;
215.3004;10000.0;
215.42043;10000.0;
215.48042;10000.0;
215.60074;10000.0;
215.72037;10000.0;
215.78055;10000.0;
215.90051;10000.0;
215.96039;10000.0;
216.0805;10000.0;
216.14044;10000.0;
216.2604;10000.0;
216.38039;10000.0;
216.44044;10000.0;
216.56041;10000.0;
216.62054;10000.0;
216.7405;10000.0;
216.86072;10000.0;
216.92046;10000.0;
217.0404;10000.0;
217.1004;10000.0;
217.22043;10000.0;
217.28053;10000.0;
217.40056;10000.0;
217.5204;10000.0;
217.58038;10000.0;
217.70044;10000.0;
217.7604;10000.0;
217.88039;10000.0;
217.94046;10000.0;
218.0604;10000.0;
218.18039;10000.0;
218.24037;10000.0;
218.36067;10000.0;
218.42041;10000.0;
218.54044;10000.0;
218.66042;10000.0;
218.721;10000.0;
218.8404;10000.0;
218.90057;10000.0;
219.02061;10000.0;
219.0804;10000.0;
219.2004;10000.0;
219.32056;10000.0;
219.38043;10000.0;
219.5004;10000.0;
219.56041;10000.0;
219.68044;10000.0;
219.7404;10000.0;
219.86052;10000.0;
219.98045;10000.0;
220.04112;10000.0;
220.16042;10000.0;
220.22058;10000.0;
220.34071;10000.0;
220.46043;10000.0;
220.52061;10000.0;
220.64175;10000.0;
220.70041;10000.0;
220.82048;10000.0;
220.88121;10000.0;
221.00043;10000.0;
221.12047;10000.0;
221.18039;10000.0;
221.3004;10000.0;
221.36055;10000.0;
221.48058;10000.0;
221.54047;10000.0;
221.66052;10000.0;
221.78041;10000.0;
221.84047;10000.0;
221.96042;10000.0;
222.02046;10000.0;
222.14043;10000.0;
222.2604;10000.0;
222.32457;10000.0;
222.44057;10000.0;
222.50041;10000.0;
222.62456;10000.0;
222.68047;10000.0;
222.8004;10000.0;
222.92041;10000.0;
222.98064;10000.0;
223.10039;10000.0;
223.1604;10000.0;
223.28453;10000.0;
223.34052;10000.0;
223.46039;10000.0;
223.58041;10000.0;
223.64047;10000.0;
223.76045;10000.0;
223.8204;10000.0;
223.94052;10000.0;
224.0004;10000.0;
224.1204;10000.0;
224.24039;10000.0;
224.3011;10000.0;
224.42041;10000.0;
224.48059;10000.0;
224.6006;10000.0;
224.72041;10000.0;
224.7804;10000.0;
224.90048;10000.0;
224.9604;10000.0;
225.08038;10000.0;
225.14044;10000.0;
225.3804;10000.0;
225.4405;10000.0;
225.56085;10000.0;
225.6207;10000.0;
225.74043;10000.0;
225.80038;10000.0;
225.9204;10000.0;
226.04054;10000.0;
226.10048;10000.0;
226.22041;10000.0;
226.2804;10000.0;
226.4004;10000.0;
226.52058;10000.0;
226.58041;10000.0;
226.7004;10000.0;
226.7604;10000.0;
226.8804;10000.0;
226.94041;10000.0;
227.06058;10000.0;
227.18042;10000.0;
227.24176;10000.0;
227.3604;10000.0;
227.4204;10000.0;
227.5404;10000.0;
227.6005;10000.0;
227.72041;10000.0;
227.84119;10000.0;
227.9004;10000.0;
228.02045;10000.0;
228.08041;10000.0;
228.2004;10000.0;
228.3204;10000.0;
228.3804;10000.0;
228.50038;10000.0;
228.56055;10000.0;
228.68053;10000.0;
228.74045;10000.0;
228.86038;10000.0;
228.98041;10000.0;
229.04042;10000.0;
229.16042;10000.0;
229.22043;10000.0;
229.34044;10000.0;
229.40042;10000.0;
229.52057;10000.0;
229.64067;10000.0;
229.70041;10000.0;
229.82042;10000.0;
229.88039;10000.0;
230.00043;10000.0;
230.1204;10000.0;
230.18091;10000.0;
230.30042;10000.0;
230.36044;10000.0;
230.48042;10000.0;
230.54062;10000.0;
230.6604;10000.0;
230.7804;10000.0;
230.84042;10000.0;
230.96039;10000.0;
231.02054;10000.0;
231.14066;10000.0;
231.20042;10000.0;
231.32706;10000.0;
231.44043;10000.0;
231.50041;10000.0;
231.62047;10000.0;
231.68095;10000.0;
231.80045;10000.0;
231.92041;10000.0;
231.98341;10000.0;
232.10066;10000.0;
232.16061;10000.0;
232.28041;10000.0;
232.34053;10000.0;
232.4604;10000.0;
232.58078;10000.0;
232.64063;10000.0;
232.76181;10000.0;
232.8204;10000.0;
232.94038;10000.0;
233.00041;10000.0;
233.12039;10000.0;
233.24039;10000.0;
233.3004;10000.0;
233.42043;10000.0;
233.4805;10000.0;
233.60046;10000.0;
233.6604;10000.0;
233.78688;10000.0;
233.90042;10000.0;
233.9604;10000.0;
234.08069;10000.0;
234.1405;10000.0;
234.26054;10000.0;
234.3804;10000.0;
234.44041;10000.0;
234.5604;10000.0;
234.6204;10000.0;
234.74042;10000.0;
234.80046;10000.0;
234.92044;10000.0;
235.0404;10000.0;
235.10051;10000.0;
235.22046;10000.0;
235.2804;10000.0;
235.40042;10000.0;
235.46051;10000.0;
235.5805;10000.0;
235.70041;10000.0;
235.76057;10000.0;
235.8804;10000.0;
235.9409;10000.0;
236.06262;10000.0;
236.18066;10000.0;
236.2404;10000.0;
236.36041;10000.0;
236.42043;10000.0;
236.54048;10000.0;
236.60039;10000.0;
236.72047;10000.0;
236.84053;10000.0;
236.90039;10000.0;
237.02051;10000.0;
237.08081;10000.0;
237.20042;10000.0;
237.26051;10000.0;
237.38042;10000.0;
237.50038;10000.0;
237.56042;10000.0;
237.68054;10000.0;
237.74042;10000.0;
237.8604;10000.0;
237.98041;10000.0;
238.04042;10000.0;
238.16039;10000.0;
238.2246;10000.0;
238.34038;10000.0;
238.40038;10000.0;
238.52042;10000.0;
238.64041;10000.0;
238.70042;10000.0;
238.82039;10000.0;
238.88046;10000.0;
239.0004;10000.0;
239.0604;10000.0;
239.18044;10000.0;
239.30072;10000.0;
239.36041;10000.0;
239.48042;10000.0;
239.54047;10000.0;
239.66043;10000.0;
239.7804;10000.0;
239.84058;10000.0;
239.9604;10000.0;
240.02042;10000.0;
240.14041;10000.0;
240.20045;10000.0;
240.3204;10000.0;
240.4404;10000.0;
240.5004;10000.0;
240.62141;10000.0;
240.68039;10000.0;
240.80058;10000.0;
240.86043;10000.0;
240.98041;10000.0;
241.1004;10000.0;
241.16042;10000.0;
241.28044;10000.0;
241.34122;10000.0;
241.46062;10000.0;
241.58047;10000.0;
241.64049;10000.0;
241.76057;10000.0;
241.82043;10000.0;
241.94038;10000.0;
242.0004;10000.0;
242.1204;10000.0;
242.24039;10000.0;
242.30057;10000.0;
242.42052;10000.0;
242.48042;10000.0;
242.6004;10000.0;
242.66045;10000.0;
242.78041;10000.0;
242.90039;10000.0;
242.9605;10000.0;
243.08041;10000.0;
243.14046;10000.0;
243.26048;10000.0;
243.38066;10000.0;
243.44043;10000.0;
243.5604;10000.0;
243.62045;10000.0;
243.7404;10000.0;
243.80043;10000.0;
243.92065;10000.0;
244.0404;10000.0;
244.10052;10000.0;
244.22038;10000.0;
244.28043;10000.0;
244.4004;10000.0;
244.46071;10000.0;
244.58041;10000.0;
244.70044;10000.0;
244.76042;10000.0;
244.88052;10000.0;
244.94038;10000.0;
245.06465;10000.0;
245.18039;10000.0;
245.24039;10000.0;
245.36041;10000.0;
245.4205;10000.0;
245.54045;10000.0;
245.60042;10000.0;
245.72041;10000.0;
245.84042;10000.0;
245.90042;10000.0;
246.0204;10000.0;
246.08041;10000.0;
246.2004;10000.0;
246.2604;10000.0;
246.38055;10000.0;
246.5005;10000.0;
246.56041;10000.0;
246.68039;10000.0;
246.74042;10000.0;
246.8604;10000.0;
246.9861;10000.0;
247.0405;10000.0;
247.1604;10000.0;
247.22041;10000.0;
247.34045;10000.0;
247.4004;10000.0;
247.52039;10000.0;
247.64043;10000.0;
247.70041;10000.0;
247.82039;10000.0;
247.88043;10000.0;
248.00067;10000.0;
248.0604;10000.0;
248.18039;10000.0;
248.30048;10000.0;
248.36047;10000.0;
248.48041;10000.0;
248.54054;10000.0;
248.66042;10000.0;
248.7804;10000.0;
248.8404;10000.0;
248.96048;10000.0;
249.02046;10000.0;
249.14041;10000.0;
249.20044;10000.0;
249.32043;10000.0;
249.44041;10000.0;
249.50055;10000.0;
249.62044;10000.0;
249.6804;10000.0;
249.8004;10000.0;
249.8604;10000.0;
249.98041;10000.0;
250.10039;10000.0;
250.16039;10000.0;
250.28044;10000.0;
250.3404;10000.0;
250.46065;10000.0;
250.58049;10000.0;
250.64041;10000.0;
250.76042;10000.0;
250.82045;10000.0;
250.9404;10000.0;
251.00052;10000.0;
251.12054;10000.0;
251.24042;10000.0;
251.30043;10000.0;
251.42041;10000.0;
251.48045;10000.0;
251.60043;10000.0;
251.66046;10000.0;
251.78043;10000.0;
251.90042;10000.0;
251.9605;10000.0;
252.08055;10000.0;
252.14041;10000.0;
252.26042;10000.0;
252.38052;10000.0;
252.44041;10000.0;
252.5604;10000.0;
252.62366;10000.0;
252.7404;10000.0;
252.80055;10000.0;
252.9204;10000.0;
253.04047;10000.0;
253.10042;10000.0;
253.22041;10000.0;
253.2804;10000.0;
253.4004;10000.0;
253.46057;10000.0;
253.58055;10000.0;
253.70049;10000.0;
253.76042;10000.0;
253.8804;10000.0;
253.94041;10000.0;
254.06041;10000.0;
254.1804;10000.0;
254.2404;10000.0;
254.36041;10000.0;
254.4204;10000.0;
254.54051;10000.0;
254.6004;10000.0;
254.72038;10000.0;
254.84044;10000.0;
254.90039;10000.0;
255.0204;10000.0;
255.0805;10000.0;
255.20055;10000.0;
255.2604;10000.0;
255.3804;10000.0;
255.50043;10000.0;
255.56044;10000.0;
255.6804;10000.0;
255.74069;10000.0;
255.86041;10000.0;
255.98041;10000.0;
256.04056;10000.0;
256.16068;10000.0;
256.2204;10000.0;
256.34067;10000.0;
256.4004;10000.0;
256.5207;10000.0;
256.64044;10000.0;
256.70047;10000.0;
256.82037;10000.0;
256.8804;10000.0;
257.00046;10000.0;
257.06046;10000.0;
257.18042;10000.0;
257.30048;10000.0;
257.36044;10000.0;
257.48044;10000.0;
257.5404;10000.0;
257.66052;10000.0;
257.7808;10000.0;
257.84045;10000.0;
257.96045;10000.0;
258.02042;10000.0;
258.1404;10000.0;
258.20065;10000.0;
258.3204;10000.0;
258.4405;10000.0;
258.5004;10000.0;
258.62335;10000.0;
258.6804;10000.0;
258.80038;10000.0;
258.86038;10000.0;
258.98044;10000.0;
259.10043;10000.0;
259.16068;10000.0;
259.2805;10000.0;
259.34042;10000.0;
259.46042;10000.0;
259.5808;10000.0;
259.6404;10000.0;
259.76047;10000.0;
259.82043;10000.0;
259.9404;10000.0;
260.00043;10000.0;
260.12045;10000.0;
260.24054;10000.0;
260.3004;10000.0;
260.42044;10000.0;
260.4804;10000.0;
260.60046;10000.0;
260.66055;10000.0;
260.7806;10000.0;
260.90042;10000.0;
260.9604;10000.0;
261.08044;10000.0;
261.14044;10000.0;
261.26038;10000.0;
261.3804;10000.0;
261.4404;10000.0;
261.56042;10000.0;
261.6205;10000.0;
261.74048;10000.0;
261.80038;10000.0;
261.9204;10000.0;
262.0404;10000.0;
262.10062;10000.0;
262.2204;10000.0;
262.28055;10000.0;
262.40045;10000.0;
262.46042;10000.0;
262.58038;10000.0;
262.70056;10000.0;
262.76044;10000.0;
262.8804;10000.0;
262.9404;10000.0;
263.06046;10000.0;
263.1804;10000.0;
263.2406;10000.0;
263.36044;10000.0;
263.4204;10000.0;
263.54044;10000.0;
263.6004;10000.0;
263.72046;10000.0;
263.8404;10000.0;
263.9006;10000.0;
264.02042;10000.0;
264.0804;10000.0;
264.20068;10000.0;
264.26053;10000.0;
264.38046;10000.0;
264.5004;10000.0;
264.56046;10000.0;
264.6804;10000.0;
264.74066;10000.0;
264.86047;10000.0;
264.9804;10000.0;
265.04037;10000.0;
265.16043;10000.0;
265.2204;10000.0;
265.3407;10000.0;
265.40048;10000.0;
265.52048;10000.0;
265.6404;10000.0;
265.7004;10000.0;
265.82043;10000.0;
265.8804;10000.0;
266.00043;10000.0;
266.0604;10000.0;
266.18048;10000.0;
266.3004;10000.0;
266.36057;10000.0;
266.48044;10000.0;
266.5404;10000.0;
266.6604;10000.0;
266.78043;10000.0;
266.8404;10000.0;
266.96042;10000.0;
267.0204;10000.0;
267.1405;10000.0;
267.2004;10000.0;
267.32047;10000.0;
267.5004;10000.0;
267.62045;10000.0;
267.6804;10000.0;
267.80038;10000.0;
267.86044;10000.0;
267.98044;10000.0;
268.1004;10000.0;
268.1604;10000.0;
268.28067;10000.0;
268.3404;10000.0;
268.46045;10000.0;
268.5804;10000.0;
268.6404;10000.0;
268.7604;10000.0;
268.82043;10000.0;
268.94046;10000.0;
269.0004;10000.0;
269.12048;10000.0;
269.2404;10000.0;
269.3004;10000.0;
269.4204;10000.0;
269.48053;10000.0;
269.60043;10000.0;
269.6604;10000.0;
269.7804;10000.0;
269.90054;10000.0;
269.96045;10000.0;
270.08038;10000.0;
270.14047;10000.0;
270.2604;10000.0;
270.3804;10000.0;
270.44046;10000.0;
270.56042;10000.0;
270.62314;10000.0;
270.7404;10000.0;
270.80038;10000.0;
270.92038;10000.0;
271.0404;10000.0;
271.10043;10000.0;
271.2204;10000.0;
271.28052;10000.0;
271.40045;10000.0;
271.46042;10000.0;
271.58084;10000.0;
271.7004;10000.0;
271.76047;10000.0;
271.88046;10000.0;
271.9405;10000.0;
272.0605;10000.0;
272.18042;10000.0;
272.2404;10000.0;
272.3604;10000.0;
272.4204;10000.0;
272.54044;10000.0;
272.60046;10000.0;
272.7204;10000.0;
272.84042;10000.0;
272.90067;10000.0;
273.02072;10000.0;
273.0804;10000.0;
273.2004;10000.0;
273.3204;10000.0;
273.38043;10000.0;
273.5004;10000.0;
273.5606;10000.0;
273.68045;10000.0;
273.74042;10000.0;
273.8604;10000.0;
273.98065;10000.0;
274.04044;10000.0;
274.1604;10000.0;
274.2204;10000.0;
274.3405;10000.0;
274.40073;10000.0;
274.5207;10000.0;
274.64044;10000.0;
274.7004;10000.0;
274.8204;10000.0;
274.8804;10000.0;
275.0004;10000.0;
275.12042;10000.0;
275.18057;10000.0;
275.3004;10000.0;
275.3604;10000.0;
275.48044;10000.0;
275.5404;10000.0;
275.6604;10000.0;
275.7804;10000.0;
275.8404;10000.0;
275.9604;10000.0;
276.0205;10000.0;
276.1404;10000.0;
276.20038;10000.0;
276.3206;10000.0;
276.44043;10000.0;
276.50043;10000.0;
276.62222;10000.0;
276.68048;10000.0;
276.80038;10000.0;
276.86038;10000.0;
276.98038;10000.0;
277.1005;10000.0;
277.16064;10000.0;
277.2804;10000.0;
277.3404;10000.0;
277.4604;10000.0;
277.58044;10000.0;
277.6406;10000.0;
277.7612;10000.0;
277.8204;10000.0;
277.9404;10000.0;
278.0004;10000.0;
278.12042;10000.0;
278.2404;10000.0;
278.30038;10000.0;
278.4204;10000.0;
278.48068;10000.0;
278.6006;10000.0;
278.6604;10000.0;
278.7804;10000.0;
278.90036;10000.0;
278.9604;10000.0;
279.08038;10000.0;
279.1412;10000.0;
279.26038;10000.0;
279.38043;10000.0;
279.4404;10000.0;
279.56052;10000.0;
279.62054;10000.0;
279.74045;10000.0;
279.8004;10000.0;
279.9204;10000.0;
280.04044;10000.0;
280.10046;10000.0;
280.2205;10000.0;
280.28052;10000.0;
280.40042;10000.0;
280.46042;10000.0;
280.58038;10000.0;
280.7004;10000.0;
280.7605;10000.0;
280.8804;10000.0;
280.9404;10000.0;
281.0604;10000.0;
281.1806;10000.0;
281.2404;10000.0;
281.36038;10000.0;
281.42038;10000.0;
281.5404;10000.0;
281.6004;10000.0;
281.7205;10000.0;
281.84042;10000.0;
281.90045;10000.0;
282.0204;10000.0;
282.0804;10000.0;
282.2004;10000.0;
282.38046;10000.0;
282.50043;10000.0;
282.56042;10000.0;
282.68115;10000.0;
282.74042;10000.0;
282.86047;10000.0;
282.9804;10000.0;
283.0404;10000.0;
283.16037;10000.0;
283.22052;10000.0;
283.34045;10000.0;
283.4004;10000.0;
283.5204;10000.0;
283.6405;10000.0;
283.7004;10000.0;
283.8204;10000.0;
283.8804;10000.0;
284.00046;10000.0;
284.06036;10000.0;
284.1805;10000.0;
284.3005;10000.0;
284.3606;10000.0;
284.4846;10000.0;
284.5404;10000.0;
284.6604;10000.0;
284.78043;10000.0;
284.84045;10000.0;
284.96045;10000.0;
285.02057;10000.0;
285.14044;10000.0;
285.20038;10000.0;
285.32043;10000.0;
285.4404;10000.0;
285.5004;10000.0;
285.6204;10000.0;
285.68045;10000.0;
285.80057;10000.0;
285.86044;10000.0;
285.98065;10000.0;
286.1005;10000.0;
286.1604;10000.0;
286.28036;10000.0;
286.341;10000.0;
286.46042;10000.0;
286.5805;10000.0;
286.6404;10000.0;
286.76053;10000.0;
286.82053;10000.0;
286.9404;10000.0;
287.0004;10000.0;
287.12042;10000.0;
287.24042;10000.0;
287.30048;10000.0;
287.42062;10000.0;
287.4804;10000.0;
287.6004;10000.0;
287.6604;10000.0;
287.7827;10000.0;
287.9004;10000.0;
287.96042;10000.0;
288.08044;10000.0;
288.14038;10000.0;
288.26053;10000.0;
288.38055;10000.0;
288.44037;10000.0;
288.56042;10000.0;
288.62164;10000.0;
288.7404;10000.0;
288.80072;10000.0;
288.92047;10000.0;
289.0405;10000.0;
289.1005;10000.0;
289.2204;10000.0;
289.2805;10000.0;
289.4004;10000.0;
289.46045;10000.0;
289.5804;10000.0;
289.7004;10000.0;
289.7604;10000.0;
289.8805;10000.0;
289.9404;10000.0;
290.0604;10000.0;
290.18042;10000.0;
290.2404;10000.0;
290.36038;10000.0;
290.42062;10000.0;
290.54062;10000.0;
290.6004;10000.0;
290.7204;10000.0;
290.8405;10000.0;
290.9004;10000.0;
291.02042;10000.0;
291.08044;10000.0;
291.2028;10000.0;
291.26047;10000.0;
291.38046;10000.0;
291.5005;10000.0;
291.56042;10000.0;
291.68042;10000.0;
291.74042;10000.0;
291.86044;10000.0;
291.9804;10000.0;
292.04047;10000.0;
292.1604;10000.0;
292.22043;10000.0;
292.34055;10000.0;
292.4004;10000.0;
292.52066;10000.0;
292.64038;10000.0;
292.70038;10000.0;
292.8204;10000.0;
292.88046;10000.0;
293.0005;10000.0;
293.06046;10000.0;
293.1804;10000.0;
293.30054;10000.0;
293.3606;10000.0;
293.48474;10000.0;
293.5405;10000.0;
293.6604;10000.0;
293.7806;10000.0;
293.96048;10000.0;
294.02042;10000.0;
294.1404;10000.0;
294.2004;10000.0;
294.3204;10000.0;
294.4404;10000.0;
294.50076;10000.0;
294.62424;10000.0;
294.68042;10000.0;
294.8004;10000.0;
294.8604;10000.0;
294.9804;10000.0;
295.10065;10000.0;
295.16043;10000.0;
295.2804;10000.0;
295.3404;10000.0;
295.46054;10000.0;
295.5805;10000.0;
295.64044;10000.0;
295.76038;10000.0;
295.82037;10000.0;
295.94043;10000.0;
296.00055;10000.0;
296.12057;10000.0;
296.24042;10000.0;
296.30045;10000.0;
296.42044;10000.0;
296.4804;10000.0;
296.601;10000.0;
296.66052;10000.0;
296.78043;10000.0;
296.90048;10000.0;
296.9605;10000.0;
297.08047;10000.0;
297.14038;10000.0;
297.2604;10000.0;
297.3804;10000.0;
297.4404;10000.0;
297.56042;10000.0;
297.62045;10000.0;
297.74042;10000.0;
297.80038;10000.0;
297.92038;10000.0;
298.04044;10000.0;
298.10074;10000.0;
298.22168;10000.0;
298.28058;10000.0;
298.40042;10000.0;
298.46045;10000.0;
298.5805;10000.0;
298.71457;10000.0;
298.77042;10000.0;
298.90042;10000.0;
298.96045;10000.0;
299.0804;10000.0;
299.14075;10000.0;
299.26047;10000.0;
299.3204;10000.0;
299.44043;10000.0;
299.56042;10000.0;
299.6204;10000.0;
299.7404;10000.0;
299.80045;10000.0;
299.9204;10000.0;
299.9804;10000.0;
300.1004;10000.0;
300.22043;10000.0;
300.2804;10000.0;
300.40042;10000.0;
300.46042;10000.0;
300.58075;10000.0;
300.64044;10000.0;
300.76047;10000.0;
300.8805;10000.0;
300.9404;10000.0;
301.0604;10000.0;
301.1204;10000.0;
301.24045;10000.0;
301.36038;10000.0;
301.4204;10000.0;
301.54044;10000.0;
301.60043;10000.0;
301.7206;10000.0;
301.78043;10000.0;
301.90057;10000.0;
302.02042;10000.0;
302.0804;10000.0;
302.2004;10000.0;
302.26047;10000.0;
302.3805;10000.0;
302.44043;10000.0;
302.56046;10000.0;
302.68042;10000.0;
302.74042;10000.0;
302.86038;10000.0;
302.92047;10000.0;
303.04047;10000.0;
303.1604;10000.0;
303.22043;10000.0;
303.34055;10000.0;
303.4004;10000.0;
303.5504;10000.0;
303.61093;10000.0;
303.7406;10000.0;
303.8004;10000.0;
303.92038;10000.0;
303.9804;10000.0;
304.10043;10000.0;
304.16077;10000.0;
304.28046;10000.0;
304.3404;10000.0;
304.4604;10000.0;
304.5804;10000.0;
304.64047;10000.0;
304.76038;10000.0;
304.82043;10000.0;
304.9404;10000.0;
305.0004;10000.0;
305.12048;10000.0;
305.24063;10000.0;
305.30038;10000.0;
305.42038;10000.0;
305.48044;10000.0;
305.60043;10000.0;
305.72064;10000.0;
305.7807;10000.0;
305.90045;10000.0;
305.96042;10000.0;
306.0804;10000.0;
306.1404;10000.0;
306.2604;10000.0;
306.38046;10000.0;
306.4404;10000.0;
306.5604;10000.0;
306.6245;10000.0;
306.74054;10000.0;
306.80038;10000.0;
306.92038;10000.0;
307.0404;10000.0;
307.1004;10000.0;
307.2204;10000.0;
307.28165;10000.0;
307.4004;10000.0;
307.5204;10000.0;
307.58038;10000.0;
307.7006;10000.0;
307.76044;10000.0;
307.88037;10000.0;
307.9404;10000.0;
308.06042;10000.0;
308.18042;10000.0;
308.2405;10000.0;
308.36047;10000.0;
308.42038;10000.0;
308.54047;10000.0;
308.6004;10000.0;
308.7204;10000.0;
308.8404;10000.0;
308.90045;10000.0;
309.02042;10000.0;
309.08044;10000.0;
309.20053;10000.0;
309.3207;10000.0;
309.42038;10000.0;
309.48044;10000.0;
309.6006;10000.0;
309.66037;10000.0;
309.78052;10000.0;
309.8904;10000.0;
309.9504;10000.0;
310.0704;10000.0;
310.13058;10000.0;
310.2504;10000.0;
310.37042;10000.0;
310.4349;10000.0;
310.55045;10000.0;
310.61044;10000.0;
310.7306;10000.0;
310.79044;10000.0;
310.94058;10000.0;
311.0004;10000.0;
311.1204;10000.0;
311.1804;10000.0;
311.30038;10000.0;
311.41037;10000.0;
311.47037;10000.0;
311.6004;10000.0;
311.6604;10000.0;
311.7904;10000.0;
311.8804;10000.0;
311.9404;10000.0;
312.06042;10000.0;
312.1204;10000.0;
312.24042;10000.0;
312.36038;10000.0;
312.4204;10000.0;
312.54044;10000.0;
312.60043;10000.0;
312.72052;10000.0;
312.7804;10000.0;
312.93042;10000.0;
312.99063;10000.0;
313.0509;10000.0;
313.1704;10000.0;
313.2904;10000.0;
313.40045;10000.0;
313.4604;10000.0;
313.58063;10000.0;
313.64044;10000.0;
313.76044;10000.0;
313.87036;10000.0;
313.93045;10000.0;
314.05048;10000.0;
314.11044;10000.0;
314.2305;10000.0;
314.29044;10000.0;
314.4404;10000.0;
314.54037;10000.0;
314.6305;10000.0;
314.6904;10000.0;
314.82037;10000.0;
314.88046;10000.0;
315.00043;10000.0;
315.06036;10000.0;
315.18045;10000.0;
315.24045;10000.0;
315.39044;10000.0;
315.4505;10000.0;
315.57065;10000.0;
315.63043;10000.0;
315.7504;10000.0;
315.8606;10000.0;
315.9204;10000.0;
316.04044;10000.0;
316.10046;10000.0;
316.2204;10000.0;
316.2804;10000.0;
316.40048;10000.0;
316.52075;10000.0;
316.5804;10000.0;
316.7204;10000.0;
316.81052;10000.0;
316.87045;10000.0;
316.99042;10000.0;
317.0505;10000.0;
317.17038;10000.0;
317.2304;10000.0;
317.38055;10000.0;
317.4404;10000.0;
317.56058;10000.0;
317.6604;10000.0;
317.7208;10000.0;
317.8404;10000.0;
317.90042;10000.0;
318.02057;10000.0;
318.0818;10000.0;
318.2004;10000.0;
318.3304;10000.0;
318.39038;10000.0;
318.45062;10000.0;
318.57074;10000.0;
318.69046;10000.0;
318.80038;10000.0;
318.8604;10000.0;
318.9806;10000.0;
319.0404;10000.0;
319.16037;10000.0;
319.2704;10000.0;
319.33044;1000.0;
319.4504;1000.0;
319.51056;1000.0;
319.6304;1000.0;
319.6904;1000.0;
319.84042;10000.0;
319.9004;10000.0;
320.02045;10000.0;
320.0804;10000.0;
320.20062;10000.0;
320.3205;10000.0;
320.3804;10000.0;
320.4404;10000.0;
320.5604;10000.0;
320.68042;10000.0;
320.74075;10000.0;
320.88046;10000.0;
320.9404;10000.0;
321.0604;10000.0;
321.12045;10000.0;
321.2404;10000.0;
321.36038;10000.0;
321.4205;10000.0;
321.55084;10000.0;
321.6104;10000.0;
321.7304;10000.0;
321.79044;10000.0;
321.91043;10000.0;
321.97052;10000.0;
322.09048;10000.0;
322.1504;10000.0;
322.27042;10000.0;
322.3904;10000.0;
322.4504;10000.0;
322.5704;10000.0;
322.68057;10000.0;
322.74042;10000.0;
322.8704;10000.0;
322.93054;10000.0;
323.05063;10000.0;
323.1105;10000.0;
323.23044;10000.0;
323.29044;10000.0;
323.41046;10000.0;
323.5312;10000.0;
323.59082;10000.0;
323.7106;10000.0;
323.77078;10000.0;
323.8904;10000.0;
323.95044;10000.0;
324.07126;10000.0;
324.1904;10000.0;
324.2904;1000.0;
324.35043;1000.0;
324.4704;1000.0;
324.53076;1000.0;
324.65042;1000.0;
324.71048;1000.0;
324.8604;10000.0;
324.9204;10000.0;
325.04044;10000.0;
325.1004;10000.0;
325.2205;10000.0;
325.34042;10000.0;
325.40048;10000.0;
325.53036;10000.0;
325.62048;10000.0;
325.7204;10000.0;
325.7804;10000.0;
325.90048;10000.0;
325.96042;10000.0;
326.0804;10000.0;
326.14038;10000.0;
326.2804;10000.0;
326.3804;10000.0;
326.4406;10000.0;
326.56036;10000.0;
326.6205;10000.0;
326.7404;10000.0;
326.80197;10000.0;
326.9204;10000.0;
326.9805;10000.0;
327.1004;10000.0;
327.2304;10000.0;
327.3305;10000.0;
327.39044;10000.0;
327.5104;10000.0;
327.57047;10000.0;
327.6905;10000.0;
327.7504;10000.0;
327.87036;10000.0;
327.93045;10000.0;
328.05045;10000.0;
328.17044;10000.0;
328.27045;10000.0;
328.3704;10000.0;
328.43042;10000.0;
328.5504;10000.0;
328.61053;10000.0;
328.7304;10000.0;
328.7904;10000.0;
328.91052;10000.0;
328.97043;10000.0;
329.0904;10000.0;
329.2207;10000.0;
329.3204;10000.0;
329.38043;10000.0;
329.5004;10000.0;
329.56046;10000.0;
329.68042;10000.0;
329.74042;10000.0;
329.86047;10000.0;
329.92038;10000.0;
330.0404;10000.0;
330.16043;10000.0;
330.26062;10000.0;
330.3604;10000.0;
330.4204;10000.0;
330.5405;10000.0;
330.60068;10000.0;
330.72043;10000.0;
330.7804;10000.0;
330.9004;10000.0;
330.96042;10000.0;
331.08057;10000.0;
331.20068;10000.0;
331.26038;10000.0;
331.38037;10000.0;
331.44046;10000.0;
331.5605;10000.0;
331.68045;10000.0;
331.74048;10000.0;
331.8604;10000.0;
331.9204;10000.0;
332.04053;10000.0;
332.1004;10000.0;
332.22046;10000.0;
332.34042;10000.0;
332.4004;10000.0;
332.52115;10000.0;
332.58054;10000.0;
332.70087;10000.0;
332.76044;10000.0;
332.8804;10000.0;
333.00043;10000.0;
333.0604;10000.0;
333.1808;10000.0;
333.24057;10000.0;
333.3604;10000.0;
333.4804;10000.0;
333.54037;10000.0;
333.6606;10000.0;
333.7204;10000.0;
333.8404;10000.0;
333.9004;10000.0;
334.02087;10000.0;
334.1404;10000.0;
334.2009;10000.0;
334.32047;10000.0;
334.38068;10000.0;
334.50046;10000.0;
334.5605;10000.0;
334.68045;10000.0;
334.8004;10000.0;
334.8604;10000.0;
334.9804;10000.0;
335.1604;10000.0;
335.28076;10000.0;
335.3404;10000.0;
335.4611;10000.0;
335.52042;10000.0;
335.64038;10000.0;
335.7005;10000.0;
335.8207;10000.0;
335.94043;10000.0;
336.0004;10000.0;
336.1204;10000.0;
336.1804;10000.0;
336.30038;10000.0;
336.36053;10000.0;
336.48047;10000.0;
336.60046;10000.0;
336.66043;10000.0;
336.7806;10000.0;
336.8404;10000.0;
336.96063;10000.0;
337.0804;10000.0;
337.1404;10000.0;
337.2804;10000.0;
337.37036;10000.0;
337.4304;10000.0;
337.5504;10000.0;
337.61044;10000.0;
337.73047;10000.0;
337.7904;10000.0;
337.91052;10000.0;
337.9704;10000.0;
338.09045;10000.0;
338.2204;10000.0;
338.28052;10000.0;
338.41046;10000.0;
338.4704;10000.0;
338.5904;10000.0;
338.6504;10000.0;
338.77045;10000.0;
338.8304;10000.0;
338.95068;10000.0;
339.07037;10000.0;
339.1304;10000.0;
339.27042;10000.0;
339.3622;10000.0;
339.4204;10000.0;
339.5406;10000.0;
339.60043;10000.0;
339.72043;10000.0;
339.7804;10000.0;
339.9005;10000.0;
339.96042;10000.0;
340.08038;10000.0;
340.20068;10000.0;
340.3106;10000.0;
340.40036;10000.0;
340.46054;10000.0;
340.5806;10000.0;
340.64038;10000.0;
340.78036;10000.0;
340.8804;10000.0;
340.94037;10000.0;
341.06046;10000.0;
341.1205;10000.0;
341.24042;10000.0;
341.35043;10000.0;
341.44043;10000.0;
341.50058;10000.0;
341.62045;10000.0;
341.7304;10000.0;
341.79044;10000.0;
341.92044;10000.0;
341.9804;10000.0;
342.1004;10000.0;
342.30038;10000.0;
342.3605;10000.0;
342.48053;10000.0;
342.5404;10000.0;
342.66046;10000.0;
342.7204;10000.0;
342.8704;10000.0;
342.9304;10000.0;
343.05045;10000.0;
343.11038;10000.0;
343.2304;10000.0;
343.34036;10000.0;
343.40045;10000.0;
343.52042;10000.0;
343.5805;10000.0;
343.70047;10000.0;
343.76044;10000.0;
343.91043;10000.0;
343.9705;10000.0;
344.0904;10000.0;
344.1504;10000.0;
344.2704;10000.0;
344.38046;10000.0;
344.5604;10000.0;
344.6204;10000.0;
344.7404;10000.0;
344.80054;10000.0;
344.95044;10000.0;
345.0104;10000.0;
345.1304;10000.0;
345.19043;10000.0;
345.3305;10000.0;
345.3946;1000.0;
345.5104;1000.0;
345.5704;1000.0;
345.6904;1000.0;
345.75046;1000.0;
345.87042;1000.0;
345.93045;1000.0;
346.05038;1000.0;
346.18042;1000.0;
346.28046;1000.0;
346.3404;1000.0;
346.46048;1000.0;
346.5204;1000.0;
346.6404;1000.0;
346.70047;1000.0;
346.82047;1000.0;
346.8804;1000.0;
347.00046;1000.0;
347.12048;1000.0;
347.1804;1000.0;
347.30038;1000.0;
347.36038;1000.0;
347.48038;1000.0;
347.54037;1000.0;
347.66043;1000.0;
347.78043;1000.0;
347.8404;1000.0;
347.9604;1000.0;
348.0204;1000.0;
348.1704;1000.0;
348.23044;10000.0;
348.3604;10000.0;
348.4204;10000.0;
348.5504;10000.0;
348.6124;10000.0;
348.7306;10000.0;
348.79062;10000.0;
348.91043;10000.0;
349.02054;10000.0;
349.1204;10000.0;
349.1804;10000.0;
349.3104;10000.0;
349.40222;10000.0;
349.46042;10000.0;
349.5804;10000.0;
349.64044;10000.0;
349.76044;10000.0;
349.82062;10000.0;
349.9404;10000.0;
350.06042;10000.0;
350.12036;10000.0;
350.24054;10000.0;
350.30038;10000.0;
350.42038;10000.0;
350.48038;10000.0;
350.60052;10000.0;
350.72046;10000.0;
350.78046;10000.0;
350.90045;10000.0;
350.9604;10000.0;
351.0804;10000.0;
351.14038;10000.0;
351.2604;10000.0;
351.38043;10000.0;
351.44043;10000.0;
351.5604;10000.0;
351.6208;10000.0;
351.74048;10000.0;
351.86047;10000.0;
351.9204;10000.0;
352.0404;10000.0;
352.10043;10000.0;
352.2204;10000.0;
352.28046;10000.0;
352.40088;10000.0;
352.5204;10000.0;
352.58044;10000.0;
352.70038;10000.0;
352.76038;10000.0;
352.88043;10000.0;
352.94046;10000.0;
353.06042;10000.0;
353.18042;10000.0;
353.2445;10000.0;
353.36084;10000.0;
353.4204;10000.0;
353.54068;10000.0;
353.60745;10000.0;
353.7204;10000.0;
353.8404;10000.0;
353.90048;10000.0;
354.02048;10000.0;
354.0804;10000.0;
354.20056;10000.0;
354.32062;10000.0;
354.3804;10000.0;
354.5004;10000.0;
354.56046;10000.0;
354.6804;10000.0;
354.74045;10000.0;
354.86044;10000.0;
354.98062;10000.0;
355.04037;10000.0;
355.16058;10000.0;
355.2204;10000.0;
355.34042;10000.0;
355.46042;10000.0;
355.5205;10000.0;
355.6404;10000.0;
355.7004;10000.0;
355.82047;10000.0;
355.88043;10000.0;
356.00046;10000.0;
356.1204;10000.0;
356.1804;10000.0;
356.30038;10000.0;
356.36053;10000.0;
356.4805;10000.0;
356.5404;10000.0;
356.6604;10000.0;
356.7804;10000.0;
356.8404;10000.0;
356.9604;10000.0;
357.02103;10000.0;
357.1404;10000.0;
357.26038;10000.0;
357.3204;10000.0;
357.44055;10000.0;
357.5004;10000.0;
357.62036;10000.0;
357.68054;10000.0;
357.80045;10000.0;
357.92044;10000.0;
357.9806;10000.0;
358.1005;10000.0;
358.16043;10000.0;
358.2804;10000.0;
358.3406;10000.0;
358.4604;10000.0;
358.58038;10000.0;
358.6404;10000.0;
358.7604;10000.0;
358.8204;10000.0;
358.94046;10000.0;
359.06046;10000.0;
359.1204;10000.0;
359.2404;10000.0;
359.30038;10000.0;
359.4204;10000.0;
359.48047;10000.0;
359.60046;10000.0;
359.72037;10000.0;
359.78058;10000.0;
359.90045;10000.0;
359.9604;10000.0;
360.08038;10000.0;
360.14044;10000.0;
