0.0150394 -8.62969e-09 2.7682e-08
0.0277741 0.0114606 -0.0106451
0.0679839 0.0523598 -0.010063
0.0928939 0.0776969 -0.0097024
0.0508957 0.077342 -0.0104125
-0.0643287 0.0763683 -0.0123605
-0.164465 0.075522 -0.0140533
-0.219304 0.032058 0.0272404
-0.36286 0.0328555 0.0209559
-0.431512 0.0332369 0.0179501
-0.452016 0.0129919 0.0178779
-0.40669 0.0127547 0.0201947
-0.378989 0.0126097 0.0216104
-0.358294 0.019428 -0.00467983
-0.321277 0.019334 -0.00351723
-0.35259 0.0194135 -0.00450077
-0.323213 0.0193389 -0.00357808
-0.3416 -0.00449252 0.00662611
-0.323224 0.0137332 0.00643832
-0.289561 0.0485638 -0.00900247
-0.251336 0.0486002 -0.00805811
-0.224098 0.0758835 -0.0078475
-0.299217 0.0893327 -0.0357044
-0.245615 0.0932897 -0.00364637
-0.271338 0.093728 -0.00516457
-1.2383 -0.608189 -1.0384
-1.21989 -0.630128 -1.04979
-1.27138 -0.635851 -1.02757
-1.34347 -0.590952 -1.03061
-1.36876 -0.575207 -1.03168
-1.35218 -0.603932 -1.03916
-1.27413 -0.588591 -0.976101
-1.52622 -0.540093 -1.13632
-1.61075 -0.497033 -1.14591
-1.66042 -0.459855 -1.13679
-1.70299 -0.438128 -1.14216
-1.76271 -0.407651 -1.14969
-1.90391 -0.335589 -1.16749
-1.97519 -0.299215 -1.17648
-1.94708 -0.337391 -1.23222
-2.02846 -0.296911 -1.24309
-2.08227 -0.27015 -1.25028
-2.32011 -0.15185 -1.28205
-2.49384 -0.0133494 -1.24456
-2.44538 0.1068 -1.0014
-2.60065 0.181383 -1.01723
-2.56078 0.162229 -1.01317
-2.57733 0.170179 -1.01485
-2.55291 0.158449 -1.01236
-2.49354 0.129934 -1.00631
-2.52897 0.146953 -1.00992
-2.58306 0.17293 -1.01544
-2.77794 0.266538 -1.03531
-3.0055 0.570711 -0.787424
-2.99177 0.536758 -0.825445
-3.03351 0.556473 -0.831385
-3.02073 0.54689 -0.8358
-2.99903 0.53684 -0.832856
-3.01961 0.580592 -0.770312
-3.03777 0.589186 -0.772851
-2.97165 0.560977 -0.749354
-3.04447 0.563121 -0.797145
-3.08111 0.579451 -0.805293
-3.08949 0.561805 -0.867114
-2.92753 0.644226 -0.62797
-2.94094 0.640618 -0.624144
-2.90516 0.626745 -0.616182
-2.81877 0.593251 -0.59696
-2.82196 0.667309 -0.509635
-2.82122 0.697164 -0.548161
-2.85919 0.704802 -0.567291
-2.83074 0.778088 -0.436786
-2.95132 0.918578 -0.329848
-2.47414 0.780127 -0.669521
-2.54027 1.08704 -0.384788
-2.68642 1.41726 -0.0790945
-2.70574 1.38785 -0.102074
-2.52367 1.21385 -0.314942
-2.51786 1.30809 -0.238499
-2.27474 1.21127 -0.347415
-2.38872 1.25616 -0.395826
-2.40316 1.25331 -0.399817
-2.35589 1.25756 -0.412011
-2.47858 1.09193 -0.189568
-2.46884 1.10092 -0.154742
-2.51275 1.06733 -0.248048
-2.33715 0.64679 -0.659679
-1.3665 -0.0180986 -0.995553
-3.98023 1.07056 0.761762
-3.70453 2.04604 1.18441
-3.69201 2.01975 1.1751
-3.6695 2.02909 1.17244
-3.22572 2.09939 0.970662
-2.771 2.05351 1.227
-2.69313 2.06219 1.23309
-3.35731 1.76109 1.71444
-3.31163 2.00986 1.92042
-3.28035 2.0084 1.93919
-3.19135 1.8922 1.85388
-3.10106 1.79232 1.75537
-3.24739 1.42853 1.58468
-3.1905 1.37516 1.56892
-3.44567 1.30349 1.57344
-3.46124 1.25734 1.5742
-3.2633 1.02895 1.54706
-3.19551 1.00462 1.57623
-3.55046 1.01208 1.56202
-3.57761 1.01381 1.53265
-2.76762 2.57874 3.77535
-2.69554 2.61818 3.71358
-2.98063 2.5847 3.3595
-3.22588 2.5559 3.0549
-3.24885 2.5532 3.02638
-3.26709 2.55106 3.00372
-3.24317 2.55387 3.03344
-3.33329 2.54328 2.92151
-3.36864 2.59553 2.83596
-3.41198 2.59274 2.77666
-3.47926 2.58841 2.68461
-3.51454 2.58614 2.63634
-3.54997 2.58386 2.58787
-3.70954 2.57359 2.36954
-3.75491 2.57067 2.30745
-3.66817 2.59854 2.32389
-3.47918 2.72933 2.43695
-3.21726 2.72806 2.79624
-3.26357 2.71724 2.78767
-3.21171 2.72936 2.79726
-3.27587 2.73017 2.70954
-3.42177 2.73202 2.51006
-3.40572 2.73182 2.53201
-2.71408 2.72305 3.47762
-2.66663 2.73363 3.48628
-2.63859 2.73327 3.52462
-2.59414 2.79866 3.55385
-2.66558 2.85848 3.55665
-2.78726 2.8199 3.56177
-3.90924 2.87184 3.51083
-4.08597 2.87732 3.48866
-4.11644 2.87931 3.45523
-2.76499 2.2015 3.4603
-3.04075 2.45492 3.38365
-2.94538 2.47585 3.38032
-2.82958 2.49533 3.35286
-2.83831 2.49325 3.35518
-2.39756 2.5862 3.24306
-2.08933 2.65733 3.26926
-2.06305 2.61383 3.28491
