-0.0263924 -0.0263924 0.0000000 
0.0213073 -0.0263923 -0.0000000 
0.0838610 0.0049221 0.0469510 
0.1070874 0.0285233 0.0477698 
0.1315042 0.0533341 0.0486306 
0.1086928 0.0531518 0.0483882 
0.0218188 0.0285247 -0.2024793 
-0.0941772 0.0272637 -0.2085570 
-0.2196724 0.0258994 -0.2151327 
-0.4095455 -0.0724722 -0.0900487 
-0.5528800 -0.0788581 -0.0821113 
-0.6029890 -0.0810906 -0.0793362 
-0.6355246 -0.0825401 -0.0775345 
-0.5902532 -0.0805231 -0.0800414 
-0.5638786 -0.0793481 -0.0815020 
-0.5112831 -0.0770048 -0.0844146 
-0.4888272 -0.0760043 -0.0856581 
-0.5162292 -0.0772251 -0.0841407 
-0.4897203 -0.0760441 -0.0856087 
-0.4617760 -0.0747991 -0.0871562 
-0.4869898 -0.0759224 -0.0857599 
-0.4781102 -0.1034463 0.1368700 
-0.4401749 -0.1015894 0.1324599 
-0.4152624 -0.0739268 0.1270705 
-0.4686545 -0.0784198 0.0989912 
-0.3633556 -0.0478428 0.1955679 
-0.3890872 -0.0492046 0.1951401 
-0.8872498 -0.2214562 -1.6906621 
-0.9307214 -0.2787688 -1.6814893 
-1.0147936 -0.2902904 -1.6768321 
-1.0314004 -0.2925663 -1.6759122 
-0.9966199 -0.2768414 -1.7480382 
-0.9637354 -0.2648404 -1.7520870 
-1.1165958 -0.2767366 -1.4238005 
-1.1992896 -0.3020621 -1.4918749 
-1.2894085 -0.3242728 -1.4901813 
-1.3526377 -0.3395077 -1.4666368 
-1.3979886 -0.3503524 -1.4660853 
-1.4706258 -0.3677219 -1.4652021 
-1.6181679 -0.4030032 -1.4634076 
-1.7003070 -0.4226448 -1.4624089 
-1.6347669 -0.3808645 -1.4011823 
-1.6516758 -0.3833473 -1.4024452 
-1.8025917 -0.4055073 -1.4137177 
-1.8610053 -0.4140845 -1.4180807 
-2.1714014 -0.4596618 -1.4412642 
-2.4084739 -0.4787110 -1.3551773 
-2.3831222 -0.4797991 -1.3279821 
-2.5720686 -0.5068225 -1.3446559 
-2.5273200 -0.5004225 -1.3407068 
-2.5658042 -0.5059266 -1.3441031 
-2.5412664 -0.5024171 -1.3419377 
-2.4109066 -0.4837729 -1.3304326 
-2.4153226 -0.4493141 -1.3362383 
-2.4542046 -0.4549395 -1.3400523 
-2.5139275 -0.4635802 -1.3459105 
-2.7117344 -0.4921987 -1.3653131 
-2.7069171 -0.5021320 -1.2363891 
-2.6226518 -0.4096150 -1.7772170 
-2.6806980 -0.4242666 -1.7029670 
-2.6175656 -0.3430236 -1.7090921 
-2.6551179 -0.3488157 -1.7125693 
-2.7732152 -0.5111570 -1.6875076 
-2.7934451 -0.5225583 -1.6587058 
-2.8618624 -0.5418975 -1.7082846 
-2.9062621 -0.5493550 -1.7132270 
-2.8679376 -0.5429179 -1.7089608 
-2.7723908 -0.5268695 -1.6983236 
-2.7862363 -0.5225951 -1.7005207 
-2.8138845 -0.5155076 -1.5873640 
-2.8244362 -0.5231401 -1.5111081 
-2.8472213 -0.5275022 -1.5212976 
-3.1066327 -0.5374432 -0.9957946 
-3.1972579 -0.5303078 -0.8505435 
-2.7324465 -0.1461653 -1.3239895 
-2.8017324 -0.0662020 -1.0440239 
-3.0251747 -0.1176030 -0.6439198 
-2.9203302 -0.0581092 -0.8511966 
-2.7618025 0.0356027 -1.0362692 
-2.5918974 0.2389852 -0.9344219 
-2.6872415 0.2141719 -0.9629019 
-3.0298616 -0.1962058 -0.8974212 
-2.9837028 -0.3686796 -0.8271415 
-3.0016815 -0.3741312 -0.9114847 
-3.0092799 -0.3581845 -0.9976677 
-1.9930508 0.0888486 -1.2229491 
-3.4231704 -1.3575930 -0.2276190 
-4.1122947 -2.0398959 0.1163664 
-4.1030555 -2.0206482 0.1165188 
-3.7180040 -2.6353939 -2.4563725 
-3.4407312 -2.5280585 -2.3591890 
-3.3820572 -2.4763004 -2.3597805 
-3.4245692 -2.6080003 -2.2724721 
-3.3836592 -2.5036054 -2.2315986 
-3.3474562 -2.5174548 -2.2843579 
-3.2808224 -2.6111733 -2.5299765 
-3.2417777 -2.6184646 -2.6140354 
-3.2291177 -2.5932076 -2.5481924 
-3.2868340 -2.5924451 -2.4818703 
-3.2483553 -2.4261603 -2.3943252 
-3.2612213 -2.4624025 -2.3940591 
-3.5903122 -2.4446229 -1.8760161 
-3.2700747 -2.3871219 -1.3103546 
-3.0607442 -2.2312405 -1.4072533 
-3.3735350 -2.8419713 -1.5281059 
-3.4342783 -2.8778922 -1.5350401 
-3.6128696 -2.8762331 -1.3798509 
-3.6259350 -2.8125471 -1.3965072 
-3.9554764 -2.9537683 -1.6779769 
-3.9720565 -2.9608736 -1.6921384 
-4.0013790 -2.9734394 -1.7171835 
-4.0213453 -2.9819957 -1.7342374 
-3.9909041 -2.9689505 -1.7082369 
-4.0989179 -3.0152386 -1.8004940 
-3.7518899 -2.5075450 -2.9558297 
-3.7731817 -2.5164357 -2.9724051 
-3.6823767 -2.4785185 -2.9017146 
-3.7338834 -2.5000260 -2.9418120 
-3.8623706 -2.5536780 -3.0418376 
-3.8870507 -2.5639836 -3.0610508 
-3.8440464 -2.4552803 -3.0270447 
-3.5830627 -2.3469299 -2.8270856 
-3.6075498 -2.4081027 -2.8458458 
-3.5889031 -2.3617465 -2.8313168 
-3.8387532 -2.4649874 -3.0206967 
-4.0270801 -2.5428063 -3.1634434 
-4.0069130 -2.5344730 -3.1481573 
-3.1200729 -2.1680211 -2.4759543 
-3.1012001 -2.1209943 -2.4606484 
-3.0750246 -2.1101800 -2.4407361 
-3.0117291 -1.9553313 -2.3947416 
-3.0362054 -2.1282377 -2.4766985 
-3.7065958 -3.4761519 -2.6586351 
-4.0333497 -3.7965965 -2.6060310 
-4.0739172 -3.8106521 -2.6235189 
-4.5183616 -3.3082590 -1.7751276 
-4.4683900 -3.2450604 -1.7701206 
-4.4229066 -3.1597848 -1.7729650 
-4.1164808 -2.9104637 -2.0205349 
-4.0175038 -2.4354974 -1.9887018 
-3.9638145 -2.4301191 -2.0361376 
