unit -> SI (lux) 
Timestamp;lux;
0.010818999;16000.0;
0.090779;16000.0;
0.180891;16000.0;
0.260983;16000.0;
0.340877;16000.0;
0.43088397;16000.0;
0.511358;16000.0;
0.59079695;16000.0;
0.670863;16000.0;
0.761346;16000.0;
0.840897;16000.0;
0.920791;16000.0;
1.010801;16000.0;
1.09081;16000.0;
1.1707929;16000.0;
1.260805;16000.0;
1.3407879;16000.0;
1.420852;16000.0;
1.51079;16000.0;
1.5907899;16000.0;
1.671008;16000.0;
1.751473;16000.0;
1.840838;16000.0;
1.920916;16000.0;
2.000807;16000.0;
2.090796;16000.0;
2.17078;16000.0;
2.250809;16000.0;
2.340797;16000.0;
2.420786;16000.0;
2.500792;10000.0;
2.58085;10000.0;
2.670789;10000.0;
2.750783;10000.0;
2.831199;10000.0;
2.9207838;10000.0;
3.0007799;10000.0;
3.080953;10000.0;
3.1707819;10000.0;
3.250808;10000.0;
3.330842;10000.0;
3.410786;10000.0;
3.5007868;10000.0;
3.5807848;10000.0;
3.66079;10000.0;
3.7517648;10000.0;
3.830799;10000.0;
3.9108107;10000.0;
4.001012;10000.0;
4.080832;10000.0;
4.160816;10000.0;
4.250946;10000.0;
4.33078;10000.0;
4.410823;10000.0;
4.490883;10000.0;
4.5808387;10000.0;
4.6607957;10000.0;
4.740781;10000.0;
4.8307796;10000.0;
4.910781;10000.0;
4.9907775;10000.0;
5.0807796;10000.0;
5.161212;10000.0;
5.241829;10000.0;
5.320786;10000.0;
5.411231;10000.0;
5.4908066;10000.0;
5.5707936;10000.0;
5.660788;10000.0;
5.740812;10000.0;
5.82081;10000.0;
5.910787;10000.0;
5.990814;10000.0;
6.0707827;10000.0;
6.1608005;10000.0;
6.2407994;10000.0;
6.3208737;10000.0;
6.4012704;10000.0;
6.490801;10000.0;
6.5709376;10000.0;
6.650794;10000.0;
6.740785;10000.0;
6.8208756;10000.0;
6.9007916;10000.0;
6.9908037;10000.0;
7.070799;10000.0;
7.150789;10000.0;
7.230793;10000.0;
7.3208117;10000.0;
7.4007897;10000.0;
7.48087;10000.0;
7.5708504;10000.0;
7.6507845;10000.0;
7.7310257;10000.0;
7.8207936;10000.0;
7.9007955;10000.0;
7.980937;10000.0;
8.070806;10000.0;
8.150794;10000.0;
8.230785;10000.0;
8.310875;10000.0;
8.400797;10000.0;
8.480793;10000.0;
8.5608;10000.0;
8.650851;10000.0;
8.730789;10000.0;
8.810833;10000.0;
8.900986;10000.0;
8.980793;10000.0;
9.060791;10000.0;
9.140826;10000.0;
9.230804;10000.0;
9.310791;10000.0;
9.390794;10000.0;
9.480806;10000.0;
9.560784;10000.0;
9.640805;10000.0;
9.730876;10000.0;
9.810868;10000.0;
9.890798;10000.0;
9.970793;10000.0;
10.061022;10000.0;
10.140806;10000.0;
10.220811;10000.0;
10.310887;10000.0;
10.390795;10000.0;
10.470835;10000.0;
10.560784;10000.0;
10.640776;10000.0;
10.720839;10000.0;
10.810796;10000.0;
10.890796;10000.0;
10.971164;10000.0;
11.050802;10000.0;
11.1407795;10000.0;
11.221067;10000.0;
11.300907;10000.0;
11.390816;10000.0;
11.470899;10000.0;
11.550793;10000.0;
11.64079;10000.0;
11.720825;10000.0;
11.801087;10000.0;
11.880829;10000.0;
11.970803;10000.0;
12.050797;10000.0;
12.1310625;10000.0;
12.220785;10000.0;
12.300787;10000.0;
12.380903;10000.0;
12.470794;10000.0;
12.550802;10000.0;
12.631181;10000.0;
12.710852;10000.0;
12.800879;10000.0;
12.880835;10000.0;
12.960826;10000.0;
13.050806;10000.0;
13.130789;10000.0;
13.210778;10000.0;
13.300897;10000.0;
13.380788;10000.0;
13.460811;10000.0;
13.54085;10000.0;
13.630789;10000.0;
13.710794;10000.0;
13.791012;10000.0;
13.880812;10000.0;
13.960806;10000.0;
14.040897;10000.0;
14.130784;10000.0;
14.210813;10000.0;
14.290779;10000.0;
14.370824;10000.0;
14.460842;10000.0;
14.5407915;10000.0;
14.620781;10000.0;
14.71112;10000.0;
14.790803;10000.0;
14.870806;10000.0;
14.960876;10000.0;
15.040806;10000.0;
15.120774;10000.0;
15.210791;10000.0;
15.290789;10000.0;
15.370795;10000.0;
15.450784;10000.0;
15.540839;10000.0;
15.620806;10000.0;
15.700801;10000.0;
15.783827;10000.0;
15.870842;10000.0;
15.950826;10000.0;
16.04082;10000.0;
16.12086;10000.0;
16.200783;10000.0;
16.280779;10000.0;
16.370874;10000.0;
16.450785;10000.0;
16.530785;10000.0;
16.620779;10000.0;
16.700878;10000.0;
16.870806;10000.0;
16.950802;10000.0;
17.030945;10000.0;
17.110806;10000.0;
17.20082;10000.0;
17.280869;10000.0;
17.360786;10000.0;
17.450794;16000.0;
17.530897;16000.0;
17.610884;16000.0;
17.700817;16000.0;
17.780796;16000.0;
17.860785;16000.0;
17.95081;16000.0;
18.030787;10000.0;
18.110828;10000.0;
18.190828;10000.0;
18.280783;10000.0;
18.360834;10000.0;
18.440851;10000.0;
18.53078;10000.0;
18.6108;10000.0;
18.690966;10000.0;
18.780851;10000.0;
18.860817;10000.0;
18.940783;10000.0;
19.02078;10000.0;
19.110777;10000.0;
19.190796;10000.0;
19.270844;10000.0;
19.360884;10000.0;
19.440777;10000.0;
19.52078;10000.0;
19.610947;10000.0;
19.690794;10000.0;
19.770823;10000.0;
19.861292;10000.0;
19.940796;10000.0;
20.020824;10000.0;
20.100784;10000.0;
20.190832;10000.0;
20.27081;10000.0;
20.350777;10000.0;
20.440853;10000.0;
20.52089;10000.0;
20.600788;10000.0;
20.690786;10000.0;
20.770924;10000.0;
20.850801;10000.0;
20.93079;10000.0;
21.020876;10000.0;
21.100822;10000.0;
21.180807;10000.0;
21.270786;10000.0;
21.350832;10000.0;
21.430813;10000.0;
21.520779;10000.0;
21.600786;10000.0;
21.680931;10000.0;
21.760817;10000.0;
21.850851;10000.0;
21.931208;10000.0;
22.010803;10000.0;
22.100828;10000.0;
22.180782;10000.0;
22.260778;10000.0;
22.350798;10000.0;
22.430775;10000.0;
22.510782;10000.0;
22.600836;10000.0;
22.680784;10000.0;
22.760832;10000.0;
22.840874;10000.0;
22.9308;10000.0;
23.010866;10000.0;
23.091047;10000.0;
23.18079;10000.0;
23.260788;10000.0;
23.341208;10000.0;
23.430803;10000.0;
23.51079;10000.0;
23.590866;10000.0;
23.670834;10000.0;
23.755503;10000.0;
23.84079;10000.0;
23.920786;10000.0;
24.010841;10000.0;
24.090803;10000.0;
24.170786;10000.0;
24.260885;10000.0;
24.340818;10000.0;
24.420815;10000.0;
24.501024;10000.0;
24.590813;10000.0;
24.670784;10000.0;
24.750837;10000.0;
24.920801;10000.0;
25.000793;10000.0;
25.083574;10000.0;
25.170816;10000.0;
25.250788;10000.0;
25.340792;10000.0;
25.42103;10000.0;
25.500788;10000.0;
25.580835;10000.0;
25.670855;10000.0;
25.755384;10000.0;
25.830784;10000.0;
25.920855;10000.0;
26.000792;10000.0;
26.080833;10000.0;
26.17079;10000.0;
26.25079;10000.0;
26.330795;10000.0;
26.420795;10000.0;
26.500788;10000.0;
26.58089;10000.0;
26.660809;10000.0;
26.750822;10000.0;
26.830933;10000.0;
26.91092;10000.0;
27.000786;10000.0;
27.080896;10000.0;
27.160812;10000.0;
27.25078;10000.0;
27.33086;10000.0;
27.410805;10000.0;
27.49079;10000.0;
27.5808;10000.0;
27.660797;10000.0;
27.740858;10000.0;
27.828024;10000.0;
27.910778;10000.0;
27.991009;10000.0;
28.080774;10000.0;
28.160782;10000.0;
28.240923;10000.0;
28.320787;10000.0;
28.41079;10000.0;
28.490788;10000.0;
28.570805;10000.0;
28.660841;10000.0;
28.741068;10000.0;
28.82146;10000.0;
28.911034;10000.0;
28.990807;10000.0;
29.070795;10000.0;
29.151089;10000.0;
29.240803;10000.0;
29.320793;10000.0;
29.400991;10000.0;
29.490849;10000.0;
29.570816;10000.0;
29.650808;10000.0;
29.7408;10000.0;
29.821096;10000.0;
29.901077;10000.0;
29.990788;10000.0;
30.070862;10000.0;
30.150782;10000.0;
30.230787;10000.0;
30.32093;10000.0;
30.400784;10000.0;
30.480785;10000.0;
30.570953;10000.0;
30.650795;10000.0;
30.730782;10000.0;
30.820812;10000.0;
30.90079;10000.0;
30.980839;10000.0;
31.070814;10000.0;
31.150822;10000.0;
31.230879;10000.0;
31.31081;10000.0;
31.40083;10000.0;
31.481422;10000.0;
31.560785;10000.0;
31.650818;10000.0;
31.730919;10000.0;
31.811361;10000.0;
31.900852;10000.0;
31.981268;10000.0;
32.060787;10000.0;
32.150787;10000.0;
32.23078;10000.0;
32.310783;10000.0;
32.390827;10000.0;
32.480774;10000.0;
32.56097;10000.0;
32.640957;10000.0;
32.73086;10000.0;
32.81078;10000.0;
32.89103;10000.0;
32.980812;10000.0;
33.060806;10000.0;
33.140793;10000.0;
33.23079;10000.0;
33.31082;10000.0;
33.39079;10000.0;
33.470806;10000.0;
33.560844;10000.0;
33.6408;10000.0;
33.720783;10000.0;
33.81103;10000.0;
33.8908;10000.0;
33.970787;10000.0;
34.060844;10000.0;
34.140823;10000.0;
34.220787;10000.0;
34.310783;10000.0;
34.39106;10000.0;
34.470806;10000.0;
34.55079;10000.0;
34.64116;10000.0;
34.72088;10000.0;
34.800816;10000.0;
34.890793;10000.0;
34.971043;10000.0;
35.050777;10000.0;
35.140812;10000.0;
35.220966;10000.0;
35.300816;10000.0;
35.391262;10000.0;
35.470802;10000.0;
35.55079;10000.0;
35.630848;10000.0;
35.7208;10000.0;
35.800797;10000.0;
35.97078;10000.0;
36.05079;10000.0;
36.131023;10000.0;
36.220783;10000.0;
36.30079;10000.0;
36.380962;10000.0;
36.460808;10000.0;
36.550793;10000.0;
36.630795;10000.0;
36.710793;10000.0;
36.80086;10000.0;
36.880802;10000.0;
36.960773;10000.0;
37.05088;10000.0;
37.13082;10000.0;
37.21078;10000.0;
37.301113;10000.0;
37.380817;10000.0;
37.46078;10000.0;
37.550922;10000.0;
37.63078;10000.0;
37.710808;10000.0;
37.7908;10000.0;
37.88082;10000.0;
37.960793;10000.0;
38.040787;10000.0;
38.13082;10000.0;
38.210835;10000.0;
38.290855;10000.0;
38.380787;10000.0;
38.460968;10000.0;
38.540802;10000.0;
38.630783;10000.0;
38.790894;10000.0;
38.87083;10000.0;
38.960777;10000.0;
39.04079;10000.0;
39.120796;10000.0;
39.21082;10000.0;
39.290806;10000.0;
39.370796;10000.0;
39.4608;10000.0;
39.540817;10000.0;
39.620907;10000.0;
39.71081;10000.0;
39.793045;10000.0;
39.870934;10000.0;
39.950825;10000.0;
40.04079;10000.0;
40.120792;10000.0;
40.20079;10000.0;
40.29079;10000.0;
40.37082;10000.0;
40.45083;10000.0;
40.540966;10000.0;
40.6208;10000.0;
40.70079;10000.0;
40.790985;10000.0;
40.87079;10000.0;
40.951164;10000.0;
41.12078;10000.0;
41.200806;10000.0;
41.280838;10000.0;
41.370804;10000.0;
41.451797;10000.0;
41.53264;10000.0;
41.620804;10000.0;
41.70103;10000.0;
41.78081;10000.0;
41.870773;10000.0;
41.951214;10000.0;
42.030834;10000.0;
42.110786;10000.0;
42.200935;10000.0;
42.28078;10000.0;
42.36102;10000.0;
42.45079;10000.0;
42.530838;10000.0;
42.610813;10000.0;
42.70078;10000.0;
42.780804;10000.0;
42.860813;10000.0;
42.95078;10000.0;
43.030785;10000.0;
43.110947;10000.0;
43.190804;10000.0;
43.280785;10000.0;
43.360893;10000.0;
43.4408;10000.0;
43.53091;10000.0;
43.610886;10000.0;
43.690773;10000.0;
43.780807;10000.0;
43.860794;10000.0;
43.940777;10000.0;
44.03078;10000.0;
44.1108;10000.0;
44.190777;10000.0;
44.280792;10000.0;
44.36079;10000.0;
44.440876;10000.0;
44.52096;10000.0;
44.610798;10000.0;
44.690784;10000.0;
44.7708;10000.0;
44.853836;10000.0;
44.94082;10000.0;
45.020786;10000.0;
45.110825;10000.0;
45.19086;10000.0;
45.270786;10000.0;
45.360798;10000.0;
45.441017;10000.0;
45.520817;10000.0;
45.600807;10000.0;
45.69089;10000.0;
45.770893;10000.0;
45.850792;10000.0;
45.940834;10000.0;
46.020874;10000.0;
46.100876;10000.0;
46.19079;10000.0;
46.27081;10000.0;
46.35083;10000.0;
46.440804;10000.0;
46.520794;10000.0;
46.60093;10000.0;
46.680775;10000.0;
46.770855;10000.0;
46.850864;10000.0;
46.93081;10000.0;
47.020813;10000.0;
47.100792;10000.0;
47.180798;10000.0;
47.271317;10000.0;
47.35111;10000.0;
47.430786;10000.0;
47.520863;10000.0;
47.600773;10000.0;
47.680836;10000.0;
47.76212;10000.0;
47.85081;10000.0;
47.930805;10000.0;
48.01084;10000.0;
48.10078;10000.0;
48.18081;10000.0;
48.260864;10000.0;
48.350822;10000.0;
48.430813;10000.0;
48.51078;10000.0;
48.60078;10000.0;
48.680885;10000.0;
48.764477;10000.0;
48.840805;10000.0;
48.93087;10000.0;
49.01079;10000.0;
49.09077;10000.0;
49.180904;10000.0;
49.260788;10000.0;
49.340797;10000.0;
49.430782;10000.0;
49.510796;10000.0;
49.590797;10000.0;
49.67081;10000.0;
49.762196;10000.0;
49.84086;10000.0;
49.92078;10000.0;
50.010826;10000.0;
50.090973;10000.0;
50.17079;10000.0;
50.260796;10000.0;
50.341015;10000.0;
50.420776;10000.0;
50.510796;10000.0;
50.67078;10000.0;
50.75082;10000.0;
50.84086;10000.0;
50.92078;10000.0;
51.000835;10000.0;
51.09083;10000.0;
51.171417;10000.0;
51.251053;10000.0;
51.340797;10000.0;
51.42079;10000.0;
51.500843;10000.0;
51.59086;10000.0;
51.670776;10000.0;
51.750774;10000.0;
51.83097;10000.0;
51.92079;10000.0;
52.000793;10000.0;
52.08079;10000.0;
52.170845;10000.0;
52.25078;10000.0;
52.330795;10000.0;
52.42086;10000.0;
52.50079;10000.0;
52.580814;10000.0;
52.67101;10000.0;
52.750847;10000.0;
52.830803;10000.0;
52.91099;10000.0;
53.000782;10000.0;
53.080788;10000.0;
53.16079;10000.0;
53.25081;10000.0;
53.33084;10000.0;
53.41078;10000.0;
53.50078;10000.0;
53.580914;10000.0;
53.660786;10000.0;
53.750866;10000.0;
53.831264;10000.0;
53.91078;10000.0;
53.990837;10000.0;
54.080784;10000.0;
54.160797;10000.0;
54.24078;10000.0;
54.33078;10000.0;
54.41088;10000.0;
54.490856;10000.0;
54.580795;10000.0;
54.660816;10000.0;
54.74107;10000.0;
54.830803;10000.0;
54.91078;10000.0;
54.990856;10000.0;
55.070793;10000.0;
55.16093;10000.0;
55.240814;10000.0;
55.3208;10000.0;
55.49078;10000.0;
55.570778;10000.0;
55.66088;10000.0;
55.740814;10000.0;
55.820786;10000.0;
55.91123;10000.0;
55.99081;10000.0;
56.07082;10000.0;
56.151237;10000.0;
56.240814;10000.0;
56.320778;10000.0;
56.400932;10000.0;
56.490997;10000.0;
56.570812;10000.0;
56.650837;10000.0;
56.740803;10000.0;
56.820835;10000.0;
56.904694;10000.0;
56.98078;10000.0;
57.070953;10000.0;
57.150787;10000.0;
57.2308;10000.0;
57.320892;10000.0;
57.40081;10000.0;
57.48082;10000.0;
57.57078;10000.0;
57.650776;10000.0;
57.730793;10000.0;
57.820793;10000.0;
57.9008;10000.0;
57.980885;10000.0;
58.06078;10000.0;
58.15082;10000.0;
58.230957;10000.0;
58.3108;10000.0;
58.400806;10000.0;
58.48105;10000.0;
58.56078;10000.0;
58.65085;10000.0;
58.73086;10000.0;
58.811615;10000.0;
58.90079;10000.0;
58.9808;10000.0;
59.060795;10000.0;
59.140865;10000.0;
59.230824;10000.0;
59.310806;10000.0;
59.390865;10000.0;
59.48103;10000.0;
59.560814;10000.0;
59.640877;10000.0;
59.730804;10000.0;
59.81406;10000.0;
59.890785;10000.0;
59.980797;10000.0;
60.0608;10000.0;
60.1408;10000.0;
60.220882;10000.0;
60.310856;10000.0;
60.39079;10000.0;
60.47079;10000.0;
60.56107;10000.0;
60.64078;10000.0;
60.720787;10000.0;
60.81096;10000.0;
60.890785;10000.0;
60.97081;10000.0;
61.06078;10000.0;
61.14078;10000.0;
61.22078;10000.0;
61.300804;10000.0;
61.390823;10000.0;
61.47102;10000.0;
61.55085;10000.0;
61.6408;10000.0;
61.72116;10000.0;
61.80078;10000.0;
61.890816;10000.0;
61.970886;10000.0;
62.050785;10000.0;
62.13077;10000.0;
62.220818;10000.0;
62.300777;10000.0;
62.380787;10000.0;
62.470787;10000.0;
62.550827;10000.0;
62.63079;10000.0;
62.720795;10000.0;
62.80086;10000.0;
62.880867;10000.0;
62.97079;10000.0;
63.050797;10000.0;
63.130875;10000.0;
63.2108;10000.0;
63.3008;10000.0;
63.380817;10000.0;
63.46078;10000.0;
63.630775;10000.0;
63.71079;10000.0;
63.802456;10000.0;
63.880775;10000.0;
63.960804;10000.0;
64.05103;10000.0;
64.13081;10000.0;
64.2108;10000.0;
64.29168;10000.0;
64.38078;10000.0;
64.460785;10000.0;
64.54112;10000.0;
64.63078;10000.0;
64.710785;10000.0;
64.79086;10000.0;
64.88079;10000.0;
64.96083;10000.0;
65.04079;10000.0;
65.13079;10000.0;
65.210945;10000.0;
65.29167;10000.0;
65.37079;10000.0;
65.460945;10000.0;
65.540794;10000.0;
65.6208;10000.0;
65.710785;10000.0;
65.790794;10000.0;
65.870804;10000.0;
65.960785;10000.0;
66.04079;10000.0;
66.12082;10000.0;
66.21084;10000.0;
66.2908;10000.0;
66.37109;10000.0;
66.46083;10000.0;
66.54081;10000.0;
66.62084;10000.0;
66.70078;10000.0;
66.79084;10000.0;
66.87079;10000.0;
66.95087;10000.0;
67.04083;10000.0;
67.12078;10000.0;
67.20079;10000.0;
67.29083;10000.0;
67.37081;10000.0;
67.450775;10000.0;
67.53087;10000.0;
67.620804;10000.0;
67.70087;10000.0;
67.78103;10000.0;
67.87082;10000.0;
67.950806;10000.0;
68.0309;10000.0;
68.12077;10000.0;
68.20078;10000.0;
68.280815;10000.0;
68.37078;10000.0;
68.45082;10000.0;
68.53079;10000.0;
68.620804;10000.0;
68.70113;10000.0;
68.78084;10000.0;
68.86081;10000.0;
68.95102;10000.0;
69.0308;10000.0;
69.11078;10000.0;
69.20078;10000.0;
69.28079;10000.0;
69.36081;10000.0;
69.4508;10000.0;
69.5308;10000.0;
69.611176;10000.0;
69.7008;10000.0;
69.78079;10000.0;
69.861046;10000.0;
69.9408;10000.0;
70.030785;10000.0;
70.11085;10000.0;
70.19078;10000.0;
70.36079;10000.0;
70.44078;10000.0;
70.5308;10000.0;
70.61079;10000.0;
70.69078;10000.0;
70.781;10000.0;
70.864334;10000.0;
70.94079;10000.0;
71.03089;10000.0;
71.110855;10000.0;
71.1908;10000.0;
71.3608;10000.0;
71.44089;10000.0;
71.52089;10000.0;
71.6108;10000.0;
71.69079;10000.0;
71.77082;10000.0;
71.860794;10000.0;
71.94089;10000.0;
72.02079;10000.0;
72.10083;10000.0;
72.19101;10000.0;
72.27078;10000.0;
72.350784;10000.0;
72.440926;10000.0;
72.52079;10000.0;
72.60082;10000.0;
72.690796;10000.0;
72.77083;10000.0;
72.85084;10000.0;
72.940796;10000.0;
73.02079;10000.0;
73.101135;10000.0;
73.18078;10000.0;
73.27153;10000.0;
73.35106;10000.0;
73.43078;10000.0;
73.520805;10000.0;
73.60092;10000.0;
73.6808;10000.0;
73.77085;10000.0;
73.85089;10000.0;
73.9308;10000.0;
74.02079;10000.0;
74.100784;10000.0;
74.180786;10000.0;
74.260796;10000.0;
74.35079;10000.0;
74.430786;10000.0;
74.51085;10000.0;
74.600784;10000.0;
74.68437;10000.0;
74.76085;10000.0;
74.85077;10000.0;
74.93078;10000.0;
75.01081;10000.0;
75.0908;10000.0;
75.180786;10000.0;
75.260826;10000.0;
75.34082;10000.0;
75.43087;10000.0;
75.510796;10000.0;
75.59079;10000.0;
75.68241;10000.0;
75.760796;10000.0;
75.8408;10000.0;
75.92142;10000.0;
76.01079;10000.0;
76.09085;10000.0;
76.17079;10000.0;
76.26082;10000.0;
76.3408;10000.0;
76.42081;10000.0;
76.510796;10000.0;
76.59084;10000.0;
76.67077;10000.0;
76.76081;10000.0;
76.84122;10000.0;
76.92079;10000.0;
77.0008;10000.0;
77.09096;10000.0;
77.17079;10000.0;
77.2508;10000.0;
77.34078;10000.0;
77.42081;10000.0;
77.500786;10000.0;
77.590836;10000.0;
77.67079;10000.0;
77.75122;10000.0;
77.840965;10000.0;
77.920784;10000.0;
78.000854;10000.0;
78.09079;10000.0;
78.17079;10000.0;
78.250916;10000.0;
78.33078;10000.0;
78.420784;10000.0;
78.5009;10000.0;
78.58079;10000.0;
78.67081;10000.0;
78.750854;10000.0;
78.83082;10000.0;
78.9209;10000.0;
79.00079;10000.0;
79.08079;10000.0;
79.16083;10000.0;
79.25081;10000.0;
79.33079;10000.0;
79.41102;10000.0;
79.50079;10000.0;
79.580795;10000.0;
79.66096;10000.0;
79.75079;10000.0;
79.83084;10000.0;
79.91082;10000.0;
80.00081;10000.0;
80.08097;10000.0;
80.1608;10000.0;
80.24086;10000.0;
80.330925;10000.0;
80.41131;10000.0;
80.4908;10000.0;
80.58096;10000.0;
80.66078;10000.0;
80.74079;10000.0;
80.83081;10000.0;
80.91081;10000.0;
80.99078;10000.0;
81.080826;10000.0;
81.16078;10000.0;
81.24083;10000.0;
81.32125;10000.0;
81.41079;10000.0;
81.491486;10000.0;
81.57078;10000.0;
81.660805;10000.0;
81.74087;10000.0;
81.82079;10000.0;
81.91079;10000.0;
81.990906;10000.0;
82.0708;10000.0;
82.16128;10000.0;
82.24078;10000.0;
82.32078;10000.0;
82.40079;10000.0;
82.49079;10000.0;
82.57085;10000.0;
82.65086;10000.0;
82.740814;10000.0;
82.8208;10000.0;
82.90142;10000.0;
82.99079;10000.0;
83.070816;10000.0;
83.15091;10000.0;
83.241;10000.0;
83.320786;10000.0;
83.40079;10000.0;
83.48078;10000.0;
83.570816;10000.0;
83.65078;10000.0;
83.730774;10000.0;
83.90077;10000.0;
83.98083;10000.0;
84.07097;10000.0;
84.150795;10000.0;
84.230835;10000.0;
84.320786;10000.0;
84.400856;10000.0;
84.48078;10000.0;
84.560776;10000.0;
84.650795;10000.0;
84.73083;10000.0;
84.81125;10000.0;
84.90078;10000.0;
84.981094;10000.0;
85.060814;10000.0;
85.150826;10000.0;
85.23093;10000.0;
85.31078;10000.0;
85.4008;10000.0;
85.480804;10000.0;
85.560814;10000.0;
85.6508;10000.0;
85.730804;10000.0;
85.8108;10000.0;
85.890816;10000.0;
85.98079;10000.0;
86.06085;10000.0;
86.140854;10000.0;
86.23082;10000.0;
86.310776;10000.0;
86.39129;10000.0;
86.480804;10000.0;
86.56079;10000.0;
86.64086;10000.0;
86.722084;10000.0;
86.81078;10000.0;
86.89078;10000.0;
86.97084;10000.0;
87.06083;10000.0;
87.140785;10000.0;
87.22086;10000.0;
87.310875;10000.0;
87.391205;10000.0;
87.470795;10000.0;
87.5609;16000.0;
87.64078;16000.0;
87.720795;16000.0;
87.81079;16000.0;
87.890816;16000.0;
87.97081;16000.0;
88.05081;16000.0;
88.1408;16000.0;
88.22082;16000.0;
88.300804;16000.0;
88.3908;16000.0;
88.47107;16000.0;
88.55081;16000.0;
88.64079;16000.0;
88.72095;16000.0;
88.80081;16000.0;
88.89081;16000.0;
88.97078;16000.0;
89.05079;16000.0;
89.13079;16000.0;
89.22078;16000.0;
89.30077;16000.0;
89.38086;16000.0;
89.47079;16000.0;
89.55079;16000.0;
89.62994;16000.0;
89.72082;16000.0;
89.80079;16000.0;
89.8808;16000.0;
89.97079;16000.0;
90.05097;16000.0;
90.13079;16000.0;
90.21078;16000.0;
90.30077;16000.0;
90.38084;16000.0;
90.460815;16000.0;
90.55086;16000.0;
90.63078;16000.0;
90.71078;16000.0;
90.80132;16000.0;
90.88079;16000.0;
90.96081;16000.0;
91.050964;16000.0;
91.130775;16000.0;
91.21081;16000.0;
91.29089;16000.0;
91.380775;16000.0;
91.46078;16000.0;
91.540794;16000.0;
91.63081;16000.0;
91.71082;16000.0;
91.79085;16000.0;
91.881;16000.0;
91.961136;16000.0;
92.04078;16000.0;
92.130775;16000.0;
92.210945;16000.0;
92.290825;16000.0;
92.38079;16000.0;
92.460785;16000.0;
92.54079;16000.0;
92.62107;16000.0;
92.71082;16000.0;
92.790794;16000.0;
92.87085;16000.0;
92.960815;10000.0;
93.04337;10000.0;
93.1209;10000.0;
93.2108;10000.0;
93.29081;10000.0;
93.37098;10000.0;
93.460785;10000.0;
93.62083;10000.0;
93.71079;10000.0;
93.790794;10000.0;
93.87078;10000.0;
93.950836;10000.0;
94.040985;10000.0;
94.12079;10000.0;
94.20079;10000.0;
94.29101;10000.0;
94.37079;10000.0;
94.45081;10000.0;
94.54097;10000.0;
94.62086;10000.0;
94.70084;10000.0;
94.79094;10000.0;
94.870834;10000.0;
94.950806;10000.0;
95.03078;10000.0;
95.12079;10000.0;
95.20091;10000.0;
95.2808;10000.0;
95.37084;10000.0;
95.45088;10000.0;
95.53079;10000.0;
95.620895;10000.0;
95.70088;10000.0;
95.78079;10000.0;
95.870804;10000.0;
95.95087;10000.0;
96.030785;10000.0;
96.110794;10000.0;
96.20078;10000.0;
96.280785;10000.0;
96.360794;10000.0;
96.45081;10000.0;
96.53084;10000.0;
96.61128;10000.0;
96.700836;10000.0;
96.78083;10000.0;
96.86084;10000.0;
96.95079;10000.0;
97.03079;10000.0;
97.11085;10000.0;
97.19079;10000.0;
97.280785;10000.0;
97.36077;10000.0;
97.44079;10000.0;
97.53085;10000.0;
97.61078;10000.0;
97.690796;10000.0;
97.781105;10000.0;
97.8609;10000.0;
97.9408;10000.0;
98.03092;10000.0;
98.11078;10000.0;
98.19079;10000.0;
98.28079;10000.0;
98.36081;10000.0;
98.44079;10000.0;
98.520775;10000.0;
98.61083;10000.0;
98.69227;10000.0;
98.77132;10000.0;
98.864395;10000.0;
98.940994;10000.0;
99.02078;10000.0;
99.110794;10000.0;
99.19126;10000.0;
99.27079;10000.0;
99.36078;10000.0;
99.44077;10000.0;
99.5208;10000.0;
99.60099;10000.0;
99.69078;10000.0;
99.77082;10000.0;
99.85089;10000.0;
99.94125;10000.0;
100.02086;10000.0;
100.101;10000.0;
100.19078;10000.0;
100.2708;10000.0;
100.35085;10000.0;
100.44078;10000.0;
100.5208;10000.0;
100.60078;10000.0;
100.690796;10000.0;
100.770805;10000.0;
100.85077;10000.0;
100.93081;10000.0;
101.020935;10000.0;
101.10078;10000.0;
101.180916;10000.0;
101.27104;10000.0;
101.35083;10000.0;
101.43082;10000.0;
101.52093;10000.0;
101.60078;10000.0;
101.680855;10000.0;
101.7709;10000.0;
101.85081;10000.0;
101.93078;10000.0;
102.01081;10000.0;
102.100784;10000.0;
102.1809;10000.0;
102.26079;10000.0;
102.35077;10000.0;
102.43096;10000.0;
102.51078;10000.0;
102.60079;10000.0;
102.68092;10000.0;
102.76083;10000.0;
102.850815;10000.0;
102.93562;10000.0;
103.010796;10000.0;
103.10084;10000.0;
103.18087;10000.0;
103.260826;10000.0;
103.340866;10000.0;
103.43078;10000.0;
103.51078;10000.0;
103.59087;10000.0;
103.68082;10000.0;
103.76084;10000.0;
103.84084;10000.0;
103.93081;10000.0;
104.0108;10000.0;
104.09081;10000.0;
104.18077;10000.0;
104.260796;10000.0;
104.3408;10000.0;
104.42079;10000.0;
104.510895;10000.0;
104.590775;10000.0;
104.670845;10000.0;
104.760956;10000.0;
104.8408;10000.0;
104.92083;10000.0;
105.01093;10000.0;
105.09078;10000.0;
105.170815;16000.0;
105.260796;16000.0;
105.34078;16000.0;
105.420784;16000.0;
105.51129;16000.0;
105.59079;16000.0;
105.67082;16000.0;
105.75088;16000.0;
105.84078;16000.0;
105.920876;16000.0;
106.00081;16000.0;
106.09083;16000.0;
106.17104;16000.0;
106.25079;16000.0;
106.34081;16000.0;
106.420784;16000.0;
106.500786;16000.0;
106.58103;16000.0;
106.6708;16000.0;
106.752014;16000.0;
106.830826;10000.0;
106.920876;10000.0;
107.000786;10000.0;
107.08103;10000.0;
107.17079;10000.0;
107.2508;10000.0;
107.33086;10000.0;
107.4208;10000.0;
107.50079;10000.0;
107.580826;10000.0;
107.670815;10000.0;
107.7508;10000.0;
107.83086;10000.0;
107.91078;10000.0;
108.00112;10000.0;
108.080826;10000.0;
108.16078;10000.0;
108.25095;10000.0;
108.33078;10000.0;
108.41079;10000.0;
108.50089;10000.0;
108.580795;10000.0;
108.66088;10000.0;
108.75094;10000.0;
108.83078;10000.0;
108.91082;10000.0;
109.00079;10000.0;
109.0808;10000.0;
109.160866;10000.0;
109.2408;10000.0;
109.33081;10000.0;
109.41107;10000.0;
109.490776;10000.0;
109.5808;10000.0;
109.660904;10000.0;
109.740814;10000.0;
109.822655;10000.0;
109.91079;10000.0;
109.9908;10000.0;
110.080795;10000.0;
110.16079;10000.0;
110.24078;10000.0;
110.33087;10000.0;
110.41079;10000.0;
110.49079;10000.0;
110.57085;10000.0;
110.66079;10000.0;
110.74081;10000.0;
110.82086;10000.0;
110.9108;10000.0;
110.99078;10000.0;
111.07317;10000.0;
111.16078;10000.0;
111.24159;10000.0;
111.32085;10000.0;
111.41079;10000.0;
111.490875;10000.0;
111.570786;10000.0;
111.66078;10000.0;
111.7409;10000.0;
111.82079;10000.0;
111.90082;10000.0;
111.991;10000.0;
112.07082;10000.0;
112.150795;10000.0;
112.24079;10000.0;
112.32084;10000.0;
112.40081;10000.0;
112.49081;10000.0;
112.57079;10000.0;
112.65084;10000.0;
112.74223;10000.0;
112.820786;10000.0;
112.900925;10000.0;
112.99083;10000.0;
113.07079;10000.0;
113.15088;10000.0;
113.240814;10000.0;
113.32081;10000.0;
113.40078;10000.0;
113.48078;10000.0;
113.57079;10000.0;
113.65078;10000.0;
113.73079;10000.0;
113.82083;10000.0;
113.900795;10000.0;
113.98078;10000.0;
114.07085;10000.0;
114.15078;10000.0;
114.23128;10000.0;
114.32111;10000.0;
114.40098;10000.0;
114.48078;10000.0;
114.570786;10000.0;
114.65079;10000.0;
114.73088;10000.0;
114.8208;10000.0;
114.900795;10000.0;
114.98088;10000.0;
115.0608;10000.0;
115.15078;10000.0;
115.23085;10000.0;
115.31079;10000.0;
115.40085;10000.0;
115.48079;10000.0;
115.56082;10000.0;
115.650826;10000.0;
115.73088;10000.0;
115.810814;10000.0;
115.900826;10000.0;
115.98079;10000.0;
116.060776;10000.0;
116.15116;10000.0;
116.23081;10000.0;
116.31077;10000.0;
116.400955;10000.0;
116.4808;10000.0;
116.56078;10000.0;
116.64092;10000.0;
116.73078;10000.0;
116.81084;10000.0;
116.8908;10000.0;
116.98078;10000.0;
117.06102;10000.0;
117.14078;10000.0;
117.23078;10000.0;
117.31087;10000.0;
117.39085;10000.0;
117.48151;10000.0;
117.56085;10000.0;
117.640785;10000.0;
117.73077;10000.0;
117.81086;10000.0;
117.89089;10000.0;
117.97095;10000.0;
118.06078;10000.0;
118.14078;10000.0;
118.22078;10000.0;
118.31078;10000.0;
118.390816;10000.0;
118.470894;10000.0;
118.560776;10000.0;
118.640785;10000.0;
118.721016;10000.0;
118.81079;10000.0;
118.890785;10000.0;
118.97084;10000.0;
119.0608;10000.0;
119.14082;10000.0;
119.22078;10000.0;
119.31077;10000.0;
119.3908;10000.0;
119.4708;10000.0;
119.55083;10000.0;
119.64098;10000.0;
119.7208;10000.0;
119.80081;10000.0;
119.89087;10000.0;
119.97078;10000.0;
120.05079;10000.0;
120.14077;10000.0;
120.2208;10000.0;
120.300804;10000.0;
120.39083;10000.0;
120.4708;10000.0;
120.5508;10000.0;
120.64078;10000.0;
120.72078;10000.0;
120.80084;10000.0;
120.88084;10000.0;
120.9708;10000.0;
121.050865;10000.0;
121.13078;10000.0;
121.22143;10000.0;
121.30081;10000.0;
121.38078;10000.0;
121.47079;10000.0;
121.55079;10000.0;
121.63079;10000.0;
121.72082;10000.0;
121.80079;10000.0;
121.88084;10000.0;
121.971;10000.0;
122.05078;10000.0;
122.131386;10000.0;
122.21088;10000.0;
122.300766;10000.0;
122.38078;10000.0;
122.460846;10000.0;
122.55078;10000.0;
122.63079;10000.0;
122.71078;10000.0;
122.80099;10000.0;
122.8811;10000.0;
122.96081;10000.0;
123.05078;10000.0;
123.13085;10000.0;
123.21079;10000.0;
123.30082;10000.0;
123.38096;10000.0;
123.4608;10000.0;
123.5408;10000.0;
123.630775;10000.0;
123.7108;10000.0;
123.790794;10000.0;
123.880806;10000.0;
123.96082;10000.0;
124.04081;10000.0;
124.13079;10000.0;
124.21078;10000.0;
124.29107;10000.0;
124.38079;10000.0;
124.46079;10000.0;
124.54083;10000.0;
124.6308;10000.0;
124.7108;10000.0;
124.79087;10000.0;
124.88079;10000.0;
124.9608;10000.0;
125.04081;10000.0;
125.1208;10000.0;
125.21087;10000.0;
125.29078;10000.0;
125.37078;10000.0;
125.46086;10000.0;
125.54077;10000.0;
125.62078;10000.0;
125.71088;10000.0;
125.79078;10000.0;
125.870804;10000.0;
125.96078;10000.0;
126.04083;10000.0;
126.1208;10000.0;
126.210785;10000.0;
126.2908;10000.0;
126.37113;10000.0;
126.45078;10000.0;
126.540794;10000.0;
126.62091;10000.0;
126.700775;10000.0;
126.87095;10000.0;
126.95113;10000.0;
127.0408;10000.0;
127.125984;10000.0;
127.2908;10000.0;
127.37082;10000.0;
127.45078;10000.0;
127.54179;10000.0;
127.62078;10000.0;
127.70079;10000.0;
127.78152;10000.0;
127.871704;10000.0;
127.95083;10000.0;
128.03084;10000.0;
128.12083;10000.0;
128.2008;10000.0;
128.28079;10000.0;
128.37082;10000.0;
128.4508;10000.0;
128.53079;10000.0;
128.62082;10000.0;
128.70084;10000.0;
128.78078;10000.0;
128.87079;10000.0;
128.95212;10000.0;
129.0308;10000.0;
129.1108;10000.0;
129.204;10000.0;
129.28078;10000.0;
129.36107;10000.0;
129.45078;10000.0;
129.5308;10000.0;
129.6108;10000.0;
129.70084;10000.0;
129.7809;10000.0;
129.86084;10000.0;
129.95079;10000.0;
130.0308;10000.0;
130.11101;10000.0;
130.2008;10000.0;
130.28082;10000.0;
130.361;10000.0;
130.45079;10000.0;
130.53078;10000.0;
130.61084;10000.0;
130.69078;10000.0;
130.78079;10000.0;
130.8608;10000.0;
130.94083;10000.0;
131.03082;10000.0;
131.11078;10000.0;
131.1908;10000.0;
131.28108;10000.0;
131.3608;10000.0;
131.44083;10000.0;
131.53085;10000.0;
131.61078;10000.0;
131.69084;10000.0;
131.7708;10000.0;
131.8608;10000.0;
131.9408;10000.0;
132.02078;10000.0;
132.11089;10000.0;
132.19087;10000.0;
132.27078;10000.0;
132.3608;10000.0;
132.44106;10000.0;
132.52078;10000.0;
132.61084;10000.0;
132.69096;10000.0;
132.77081;10000.0;
132.8608;10000.0;
132.94084;10000.0;
133.0208;10000.0;
133.10078;10000.0;
133.1908;10000.0;
133.27078;10000.0;
133.35083;10000.0;
133.44089;10000.0;
133.52081;10000.0;
133.60117;10000.0;
133.69081;10000.0;
133.77155;10000.0;
133.85089;10000.0;
133.94078;10000.0;
134.02078;10000.0;
134.10078;10000.0;
134.1908;10000.0;
134.27078;10000.0;
134.35078;10000.0;
134.44093;10000.0;
134.52089;10000.0;
134.60095;10000.0;
134.68077;10000.0;
134.77095;10000.0;
134.85081;10000.0;
134.9308;10000.0;
135.02081;10000.0;
135.10085;10000.0;
135.18085;10000.0;
135.27078;10000.0;
135.3508;10000.0;
135.43079;10000.0;
135.5208;10000.0;
135.60078;10000.0;
135.68115;10000.0;
135.76082;10000.0;
135.85089;10000.0;
135.93105;10000.0;
136.0108;10000.0;
136.10078;10000.0;
136.18091;10000.0;
136.2608;10000.0;
136.3508;10000.0;
136.4308;10000.0;
136.51082;10000.0;
136.60081;10000.0;
136.68077;10000.0;
136.76611;10000.0;
136.85132;10000.0;
136.93077;10000.0;
137.0108;10000.0;
137.18079;10000.0;
137.2608;10000.0;
137.3409;10000.0;
137.4308;10000.0;
137.5108;10000.0;
137.59077;10000.0;
137.6808;10000.0;
137.76082;10000.0;
137.8408;10000.0;
137.9308;10000.0;
138.01112;10000.0;
138.09082;10000.0;
138.1808;10000.0;
138.26086;10000.0;
138.34117;10000.0;
138.42084;10000.0;
138.5108;10000.0;
138.59087;10000.0;
138.67078;10000.0;
138.76079;10000.0;
138.84084;10000.0;
138.92079;10000.0;
139.01097;10000.0;
139.09077;10000.0;
139.17235;10000.0;
139.2608;10000.0;
139.34079;10000.0;
139.42105;10000.0;
139.50081;10000.0;
139.59084;10000.0;
139.67099;10000.0;
139.75078;10000.0;
139.8408;10000.0;
139.9208;10000.0;
140.00085;10000.0;
140.09087;10000.0;
140.17105;10000.0;
140.2508;10000.0;
140.341;10000.0;
140.42078;10000.0;
140.5008;10000.0;
140.58177;10000.0;
140.67079;10000.0;
140.75157;10000.0;
140.83092;10000.0;
140.92078;10000.0;
141.00081;10000.0;
141.08089;10000.0;
141.17079;10000.0;
141.25096;10000.0;
141.33083;10000.0;
141.42088;10000.0;
141.50087;10000.0;
141.58084;10000.0;
141.67085;10000.0;
141.75084;10000.0;
141.83081;10000.0;
141.92079;10000.0;
142.00078;10000.0;
142.0808;10000.0;
142.16077;10000.0;
142.2508;10000.0;
142.33086;10000.0;
142.41078;10000.0;
142.5008;10000.0;
142.5808;10000.0;
142.66084;10000.0;
142.75325;10000.0;
142.83078;10000.0;
142.91087;10000.0;
143.00081;10000.0;
143.0808;10000.0;
143.16093;10000.0;
143.24089;10000.0;
143.3311;10000.0;
143.41077;10000.0;
143.49078;10000.0;
143.58209;10000.0;
143.6608;10000.0;
143.74081;10000.0;
143.83104;10000.0;
143.91078;10000.0;
143.9908;10000.0;
144.08095;10000.0;
144.1608;10000.0;
144.24101;10000.0;
144.33078;10000.0;
144.4108;10000.0;
144.49078;10000.0;
144.57077;10000.0;
144.66081;10000.0;
144.74081;10000.0;
144.82106;10000.0;
144.9108;10000.0;
144.99124;10000.0;
145.07079;10000.0;
145.16086;10000.0;
145.24084;10000.0;
145.3208;10000.0;
145.41132;10000.0;
145.49077;10000.0;
145.57083;10000.0;
145.6608;10000.0;
145.7408;10000.0;
145.82082;10000.0;
145.90085;10000.0;
145.99083;10000.0;
146.0708;10000.0;
146.15083;10000.0;
146.24078;10000.0;
146.32079;10000.0;
146.40083;10000.0;
146.49078;10000.0;
146.57089;10000.0;
146.65092;10000.0;
146.7408;10000.0;
146.821;10000.0;
146.98077;10000.0;
147.07083;10000.0;
147.15077;10000.0;
147.2308;10000.0;
147.32101;10000.0;
147.40079;10000.0;
147.4808;10000.0;
147.57088;10000.0;
147.65083;10000.0;
147.73077;10000.0;
147.82079;10000.0;
147.90082;10000.0;
147.9808;10000.0;
148.07079;10000.0;
148.1508;10000.0;
148.23077;10000.0;
148.31084;10000.0;
148.40077;10000.0;
148.48079;10000.0;
148.56079;10000.0;
148.65082;10000.0;
148.7309;10000.0;
148.8108;10000.0;
148.90083;10000.0;
148.98093;10000.0;
149.06078;10000.0;
149.15079;10000.0;
149.23077;10000.0;
149.31079;10000.0;
149.39085;10000.0;
149.48077;10000.0;
149.56082;10000.0;
149.6411;10000.0;
149.73079;10000.0;
149.81084;10000.0;
149.8913;10000.0;
149.98248;10000.0;
150.06079;10000.0;
150.14078;16000.0;
150.23079;16000.0;
150.31078;16000.0;
150.39078;16000.0;
150.4716;16000.0;
150.56084;16000.0;
150.64082;16000.0;
150.72078;16000.0;
150.81111;16000.0;
150.8908;16000.0;
150.97083;16000.0;
151.06091;16000.0;
151.14078;16000.0;
151.22078;16000.0;
151.31079;16000.0;
151.39081;16000.0;
151.47084;16000.0;
151.56078;16000.0;
151.64102;16000.0;
151.72086;16000.0;
151.80087;16000.0;
151.89084;16000.0;
151.97113;16000.0;
152.0508;16000.0;
152.14081;16000.0;
152.22089;16000.0;
152.30083;16000.0;
152.39078;16000.0;
152.47078;16000.0;
152.55078;16000.0;
152.64078;16000.0;
152.72078;16000.0;
152.80103;16000.0;
152.89087;16000.0;
152.97078;16000.0;
153.0508;16000.0;
153.13107;16000.0;
153.2208;16000.0;
153.30081;16000.0;
153.38098;16000.0;
153.47078;16000.0;
153.55078;16000.0;
153.63087;16000.0;
153.72081;16000.0;
153.80081;16000.0;
153.88078;16000.0;
153.9708;16000.0;
154.0509;16000.0;
154.13078;16000.0;
154.22084;16000.0;
154.30106;16000.0;
154.3808;16000.0;
154.46129;16000.0;
154.55092;16000.0;
154.63081;16000.0;
154.71149;16000.0;
154.80087;16000.0;
154.88083;10000.0;
154.9608;10000.0;
155.05078;10000.0;
155.13078;10000.0;
155.21086;10000.0;
155.30078;10000.0;
155.38078;16000.0;
155.46082;16000.0;
155.54082;16000.0;
155.63089;16000.0;
155.71088;16000.0;
155.7908;16000.0;
155.88081;16000.0;
155.96077;10000.0;
156.04079;10000.0;
156.1308;10000.0;
156.21097;10000.0;
156.29077;10000.0;
156.38121;10000.0;
156.46078;10000.0;
156.54077;10000.0;
156.63092;10000.0;
156.71077;10000.0;
156.79082;10000.0;
156.8709;10000.0;
156.9608;10000.0;
157.04106;10000.0;
157.12079;10000.0;
157.21078;10000.0;
157.291;10000.0;
157.37077;10000.0;
157.4609;10000.0;
157.54088;10000.0;
157.62097;10000.0;
157.71085;10000.0;
157.7859;10000.0;
157.8708;10000.0;
157.95079;10000.0;
158.04086;10000.0;
158.1208;10000.0;
158.20082;10000.0;
158.29079;10000.0;
158.37079;10000.0;
158.45078;10000.0;
158.54102;10000.0;
158.62112;10000.0;
158.70091;10000.0;
158.79077;10000.0;
158.87146;10000.0;
158.95096;10000.0;
159.04079;10000.0;
159.12077;10000.0;
159.20084;10000.0;
159.28078;10000.0;
159.37079;10000.0;
159.45078;10000.0;
159.53168;10000.0;
159.62083;10000.0;
159.70093;10000.0;
159.78078;10000.0;
159.871;10000.0;
159.9508;10000.0;
160.03087;10000.0;
160.12112;10000.0;
160.20082;10000.0;
160.28078;10000.0;
160.36082;10000.0;
160.45079;10000.0;
160.53079;10000.0;
160.6108;10000.0;
160.7008;10000.0;
160.78084;10000.0;
160.86081;10000.0;
160.9508;10000.0;
161.03088;10000.0;
161.11078;10000.0;
161.20078;10000.0;
161.28087;10000.0;
161.36078;10000.0;
161.4508;10000.0;
161.5308;10000.0;
161.6108;10000.0;
161.6911;10000.0;
161.78079;10000.0;
161.86081;10000.0;
161.9408;10000.0;
162.03079;10000.0;
162.11078;10000.0;
162.19083;10000.0;
162.28079;10000.0;
162.36078;10000.0;
162.44086;10000.0;
162.53079;10000.0;
162.61078;10000.0;
162.69087;10000.0;
162.77458;10000.0;
162.86081;10000.0;
162.94081;10000.0;
163.0208;10000.0;
163.11082;10000.0;
163.19078;10000.0;
163.2708;10000.0;
163.36096;10000.0;
163.44078;10000.0;
163.52078;10000.0;
163.61086;10000.0;
163.69077;10000.0;
163.77078;10000.0;
163.85092;10000.0;
163.94081;10000.0;
164.0208;10000.0;
164.10078;10000.0;
164.19078;10000.0;
164.27083;10000.0;
164.3508;10000.0;
164.4408;10000.0;
164.52087;10000.0;
164.60701;10000.0;
164.69078;10000.0;
164.77113;10000.0;
164.85078;10000.0;
164.93085;10000.0;
165.02077;10000.0;
165.10081;10000.0;
165.1808;10000.0;
165.27078;10000.0;
165.35078;10000.0;
165.43082;10000.0;
165.52078;10000.0;
165.60086;10000.0;
165.68124;10000.0;
165.76343;10000.0;
165.85081;10000.0;
165.93086;10000.0;
166.0208;10000.0;
166.10094;10000.0;
166.1808;10000.0;
166.26079;10000.0;
166.35258;10000.0;
166.4308;10000.0;
166.51077;10000.0;
166.60083;10000.0;
166.68079;10000.0;
166.76085;10000.0;
166.85103;10000.0;
166.93077;10000.0;
167.01079;10000.0;
167.1009;10000.0;
167.18082;10000.0;
167.26079;10000.0;
167.3409;10000.0;
167.43083;10000.0;
167.5108;10000.0;
167.59082;10000.0;
167.68082;10000.0;
167.76389;10000.0;
167.84084;10000.0;
167.93102;10000.0;
168.01097;10000.0;
168.09079;10000.0;
168.18079;10000.0;
168.26083;10000.0;
168.34077;10000.0;
168.42078;10000.0;
168.51077;10000.0;
168.59166;10000.0;
168.67082;10000.0;
168.7608;10000.0;
168.84079;10000.0;
168.92084;10000.0;
169.01079;10000.0;
169.09077;10000.0;
169.17082;10000.0;
169.26079;10000.0;
169.3408;10000.0;
169.42091;10000.0;
169.50076;10000.0;
169.59077;10000.0;
169.67078;10000.0;
169.75082;10000.0;
169.84161;10000.0;
169.92082;10000.0;
170.0008;10000.0;
170.09091;10000.0;
170.17079;10000.0;
170.25078;10000.0;
170.34097;10000.0;
170.42078;10000.0;
170.50078;10000.0;
170.59077;10000.0;
170.67078;10000.0;
170.75078;10000.0;
170.83084;10000.0;
170.92078;10000.0;
171.00093;10000.0;
171.0808;16000.0;
171.17082;16000.0;
171.25087;16000.0;
171.33078;16000.0;
171.42079;10000.0;
171.50104;10000.0;
171.58078;10000.0;
171.67093;10000.0;
171.75095;10000.0;
171.83078;10000.0;
171.9208;10000.0;
172.00078;10000.0;
172.08078;10000.0;
172.16077;16000.0;
172.25084;16000.0;
172.3308;16000.0;
172.41086;16000.0;
172.50082;16000.0;
172.5808;16000.0;
172.6613;10000.0;
172.7508;10000.0;
172.83078;10000.0;
172.91095;10000.0;
173.00078;10000.0;
173.08078;10000.0;
173.16078;10000.0;
173.25078;10000.0;
173.33078;10000.0;
173.41083;10000.0;
173.49081;10000.0;
173.58144;10000.0;
173.6608;10000.0;
173.7408;10000.0;
173.83098;10000.0;
173.911;10000.0;
173.99078;10000.0;
174.08092;10000.0;
174.16078;10000.0;
174.24078;10000.0;
174.33078;10000.0;
174.41078;10000.0;
174.49078;10000.0;
174.5708;10000.0;
174.66078;10000.0;
174.74113;10000.0;
174.82082;10000.0;
174.9108;10000.0;
174.99101;10000.0;
175.07079;10000.0;
175.16078;10000.0;
175.24094;10000.0;
175.3208;10000.0;
175.41078;10000.0;
175.49101;10000.0;
175.57104;10000.0;
175.66083;10000.0;
175.74083;10000.0;
175.821;10000.0;
175.90088;10000.0;
175.99104;10000.0;
176.0708;10000.0;
176.1511;10000.0;
176.2408;10000.0;
176.3208;10000.0;
176.40092;10000.0;
176.49081;10000.0;
176.57079;10000.0;
176.65077;10000.0;
176.74086;10000.0;
176.81871;10000.0;
176.90077;10000.0;
176.99081;10000.0;
177.0711;10000.0;
177.15079;10000.0;
177.23083;10000.0;
177.32101;10000.0;
177.40079;10000.0;
177.4808;10000.0;
177.57098;10000.0;
177.65079;10000.0;
177.7308;10000.0;
177.82079;10000.0;
177.90077;10000.0;
177.98085;10000.0;
178.0717;10000.0;
178.15079;10000.0;
178.23108;10000.0;
178.3208;10000.0;
178.40079;10000.0;
178.48096;10000.0;
178.56079;10000.0;
178.65079;10000.0;
178.73083;10000.0;
178.81079;10000.0;
178.90079;10000.0;
178.9808;10000.0;
179.06078;10000.0;
179.15083;10000.0;
179.2308;10000.0;
179.31084;10000.0;
179.40092;10000.0;
179.48077;10000.0;
179.56084;10000.0;
179.65086;10000.0;
179.73077;10000.0;
179.81079;10000.0;
179.8938;10000.0;
179.9808;10000.0;
180.06078;10000.0;
180.14078;10000.0;
180.231;10000.0;
180.31084;10000.0;
180.39078;10000.0;
180.4808;16000.0;
180.56087;16000.0;
180.64085;16000.0;
180.7308;16000.0;
180.81087;16000.0;
180.89081;16000.0;
180.97081;16000.0;
181.06079;16000.0;
181.1408;16000.0;
181.22078;10000.0;
181.31079;10000.0;
181.39078;10000.0;
181.4708;10000.0;
181.56079;10000.0;
181.64076;10000.0;
181.72093;10000.0;
181.8108;16000.0;
181.8908;16000.0;
181.97089;16000.0;
182.06085;16000.0;
182.14084;16000.0;
182.22078;16000.0;
182.3008;16000.0;
182.3908;16000.0;
182.47078;16000.0;
182.5508;16000.0;
182.64111;16000.0;
182.72086;16000.0;
182.80078;16000.0;
182.89172;10000.0;
182.97083;10000.0;
183.05083;10000.0;
183.14087;10000.0;
183.221;10000.0;
183.30078;10000.0;
183.39107;10000.0;
183.4708;10000.0;
183.55081;10000.0;
183.64078;10000.0;
183.72089;10000.0;
183.80087;10000.0;
183.88078;10000.0;
183.97083;10000.0;
184.05124;10000.0;
184.13078;10000.0;
184.22078;10000.0;
184.30092;10000.0;
184.3808;10000.0;
184.47087;10000.0;
184.5508;10000.0;
184.63078;10000.0;
184.72086;10000.0;
184.80096;10000.0;
184.88092;10000.0;
184.97083;10000.0;
185.05078;10000.0;
185.13081;10000.0;
185.22119;10000.0;
185.30078;10000.0;
185.3808;10000.0;
185.46085;10000.0;
185.55078;10000.0;
185.63078;10000.0;
185.71078;10000.0;
185.80093;10000.0;
185.88078;10000.0;
185.96078;10000.0;
186.05083;10000.0;
186.13089;10000.0;
186.21078;10000.0;
186.30083;10000.0;
186.38116;10000.0;
186.46082;10000.0;
186.5508;10000.0;
186.63094;10000.0;
186.7108;10000.0;
186.79083;10000.0;
186.88078;10000.0;
186.9608;10000.0;
187.0408;10000.0;
187.13077;10000.0;
187.2108;10000.0;
187.2909;10000.0;
187.3808;10000.0;
187.46077;10000.0;
187.54094;10000.0;
187.6308;10000.0;
187.7108;10000.0;
187.79092;10000.0;
187.8808;10000.0;
187.96078;16000.0;
188.04109;16000.0;
188.13087;16000.0;
188.21078;16000.0;
188.29105;16000.0;
188.37077;16000.0;
188.46086;16000.0;
188.54079;16000.0;
188.62077;16000.0;
188.71095;16000.0;
188.79082;16000.0;
188.8708;16000.0;
188.9609;16000.0;
189.04079;16000.0;
189.12082;16000.0;
189.2109;16000.0;
189.29079;16000.0;
189.37086;16000.0;
189.46077;16000.0;
189.54079;16000.0;
189.62083;16000.0;
189.7008;16000.0;
189.79083;16000.0;
189.87137;16000.0;
189.95078;16000.0;
190.0408;16000.0;
190.12091;16000.0;
190.20085;16000.0;
190.29077;16000.0;
190.37088;16000.0;
190.45079;16000.0;
190.54086;16000.0;
190.6208;16000.0;
190.70084;16000.0;
190.87085;16000.0;
190.95248;16000.0;
191.03087;16000.0;
191.12082;16000.0;
191.2008;16000.0;
191.28088;16000.0;
191.3708;16000.0;
191.45079;16000.0;
191.53079;16000.0;
191.62082;16000.0;
191.70088;16000.0;
191.78079;16000.0;
191.87082;16000.0;
191.95125;16000.0;
192.03082;16000.0;
192.12085;16000.0;
192.20093;16000.0;
192.28078;16000.0;
192.36081;16000.0;
192.45078;16000.0;
192.53078;16000.0;
192.61084;16000.0;
192.70148;16000.0;
192.7808;16000.0;
192.86081;16000.0;
193.0309;16000.0;
193.11104;16000.0;
193.28094;16000.0;
193.36119;16000.0;
193.45079;16000.0;
193.5308;16000.0;
193.6108;16000.0;
193.69083;16000.0;
193.78087;16000.0;
193.8608;16000.0;
193.94092;16000.0;
194.03087;16000.0;
194.11081;16000.0;
194.19078;16000.0;
194.28085;16000.0;
194.36078;16000.0;
194.44078;16000.0;
194.53091;16000.0;
194.61082;16000.0;
194.69077;16000.0;
194.7808;16000.0;
194.86082;16000.0;
194.9408;16000.0;
195.0208;16000.0;
195.11078;16000.0;
195.19084;16000.0;
195.27078;16000.0;
195.3608;16000.0;
195.44104;16000.0;
195.52078;16000.0;
195.6108;16000.0;
195.69102;16000.0;
195.7708;16000.0;
195.86084;16000.0;
195.94098;16000.0;
196.02081;16000.0;
196.11078;16000.0;
196.1908;16000.0;
196.2708;16000.0;
196.35097;16000.0;
196.44078;16000.0;
196.5208;16000.0;
196.60109;16000.0;
196.6908;16000.0;
196.77081;16000.0;
196.85094;16000.0;
196.94109;16000.0;
197.02078;16000.0;
197.10077;16000.0;
197.1908;16000.0;
197.27078;16000.0;
197.35077;16000.0;
197.4408;16000.0;
197.52191;16000.0;
197.60078;16000.0;
197.6808;16000.0;
197.77194;10000.0;
197.85078;10000.0;
197.93079;10000.0;
198.02087;10000.0;
198.10077;10000.0;
198.18079;10000.0;
198.27077;10000.0;
198.35078;16000.0;
198.4308;16000.0;
198.52078;16000.0;
198.6008;16000.0;
198.6809;16000.0;
198.76172;10000.0;
198.85081;10000.0;
198.93091;10000.0;
199.01077;10000.0;
199.10081;10000.0;
199.18086;10000.0;
199.26079;10000.0;
199.35078;10000.0;
199.43077;10000.0;
199.51079;10000.0;
199.60083;10000.0;
199.6808;10000.0;
199.76086;10000.0;
199.85114;10000.0;
199.93079;10000.0;
200.01085;10000.0;
200.09088;10000.0;
200.1808;10000.0;
200.26096;10000.0;
200.34087;10000.0;
200.43079;10000.0;
200.51079;10000.0;
200.59077;10000.0;
200.6808;10000.0;
200.76082;10000.0;
200.84088;10000.0;
200.9308;10000.0;
201.01086;10000.0;
201.0908;10000.0;
201.1808;10000.0;
201.26085;10000.0;
201.34077;10000.0;
201.43079;10000.0;
201.5108;10000.0;
201.59079;10000.0;
201.67084;10000.0;
201.76187;10000.0;
201.8408;10000.0;
201.92085;10000.0;
202.01079;10000.0;
202.09079;10000.0;
202.17088;10000.0;
202.26077;10000.0;
202.34079;10000.0;
202.42102;10000.0;
202.5108;10000.0;
202.59079;10000.0;
202.6708;10000.0;
202.76181;10000.0;
202.84079;10000.0;
202.92076;10000.0;
203.00084;10000.0;
203.09085;10000.0;
203.1708;10000.0;
203.25114;10000.0;
203.34094;10000.0;
203.4208;10000.0;
203.5008;10000.0;
203.59088;10000.0;
203.6708;10000.0;
203.7508;10000.0;
203.84077;10000.0;
203.9209;10000.0;
204.00078;10000.0;
204.08078;10000.0;
204.17082;10000.0;
204.25087;10000.0;
204.33081;10000.0;
204.4208;10000.0;
204.50102;10000.0;
204.58078;10000.0;
204.67174;10000.0;
204.75099;10000.0;
204.83081;10000.0;
204.92085;10000.0;
205.00078;10000.0;
205.08078;10000.0;
205.17078;10000.0;
205.25081;10000.0;
205.33081;10000.0;
205.4108;10000.0;
205.5008;10000.0;
205.5808;10000.0;
205.66086;10000.0;
205.75078;10000.0;
205.83083;10000.0;
205.91084;10000.0;
206.00082;10000.0;
206.0808;10000.0;
206.16081;10000.0;
206.2508;10000.0;
206.33078;10000.0;
206.41078;10000.0;
206.49078;10000.0;
206.58087;10000.0;
206.66081;10000.0;
206.74094;10000.0;
206.83102;10000.0;
206.91081;10000.0;
206.9908;10000.0;
207.08087;10000.0;
207.15622;10000.0;
207.24092;10000.0;
207.33078;10000.0;
207.41083;10000.0;
207.49081;10000.0;
207.5808;10000.0;
207.66083;10000.0;
207.74084;10000.0;
207.82077;10000.0;
207.9108;10000.0;
207.99094;10000.0;
208.07077;10000.0;
208.16078;10000.0;
208.24126;10000.0;
208.32079;10000.0;
208.4108;10000.0;
208.49078;10000.0;
208.57079;10000.0;
208.66086;10000.0;
208.74112;10000.0;
208.82083;10000.0;
208.91086;10000.0;
208.9908;10000.0;
209.07079;10000.0;
209.15096;10000.0;
209.24106;10000.0;
209.3208;10000.0;
209.40083;10000.0;
209.49104;10000.0;
209.5708;10000.0;
209.6508;10000.0;
209.74078;10000.0;
209.82079;10000.0;
209.9008;10000.0;
209.9908;10000.0;
210.07085;10000.0;
210.1508;10000.0;
210.24083;10000.0;
210.32124;10000.0;
210.4008;10000.0;
210.48079;10000.0;
210.5712;10000.0;
210.6508;10000.0;
210.73082;10000.0;
210.82079;10000.0;
210.90079;10000.0;
210.98079;10000.0;
211.07079;10000.0;
211.15079;10000.0;
211.2309;10000.0;
211.32077;10000.0;
211.40079;10000.0;
211.48245;10000.0;
211.57079;10000.0;
211.65079;10000.0;
211.73093;10000.0;
211.81082;10000.0;
211.90082;10000.0;
211.98082;10000.0;
212.06078;10000.0;
212.15099;10000.0;
212.23079;10000.0;
212.3108;10000.0;
212.401;10000.0;
212.48082;10000.0;
212.56088;10000.0;
212.65086;10000.0;
212.73079;10000.0;
212.8108;10000.0;
212.90085;10000.0;
212.97585;10000.0;
213.06079;10000.0;
213.14082;10000.0;
213.2322;10000.0;
213.31079;10000.0;
213.39078;10000.0;
213.4808;10000.0;
213.561;10000.0;
213.64078;10000.0;
213.73083;10000.0;
213.81104;10000.0;
213.8908;10000.0;
213.98077;10000.0;
214.06085;10000.0;
214.14078;10000.0;
214.23079;10000.0;
214.31078;10000.0;
214.3908;10000.0;
214.4708;10000.0;
214.5608;10000.0;
214.64078;10000.0;
214.72096;10000.0;
214.81078;10000.0;
214.89081;10000.0;
214.97101;10000.0;
215.06078;10000.0;
215.14078;10000.0;
215.22078;10000.0;
215.31079;10000.0;
215.39081;10000.0;
215.47142;10000.0;
215.56079;10000.0;
215.64084;10000.0;
215.7208;10000.0;
215.8008;10000.0;
215.89113;10000.0;
215.97078;10000.0;
216.05081;10000.0;
216.14082;10000.0;
216.22078;10000.0;
216.30116;10000.0;
216.3908;10000.0;
216.47081;10000.0;
216.5508;10000.0;
216.64078;10000.0;
216.72078;10000.0;
216.80083;10000.0;
216.8908;10000.0;
216.97089;10000.0;
217.05096;10000.0;
217.13078;10000.0;
217.22162;10000.0;
217.30103;10000.0;
217.38086;10000.0;
217.47108;10000.0;
217.55203;10000.0;
217.6308;10000.0;
217.72078;10000.0;
217.80081;10000.0;
217.88127;10000.0;
217.97083;10000.0;
218.05142;10000.0;
218.13081;10000.0;
218.22098;10000.0;
218.30083;10000.0;
218.38078;10000.0;
218.46086;10000.0;
218.5508;10000.0;
218.63078;10000.0;
218.71085;10000.0;
218.80081;10000.0;
218.88081;10000.0;
218.96078;10000.0;
219.05078;10000.0;
219.13092;10000.0;
219.21078;10000.0;
219.3008;10000.0;
219.38132;10000.0;
219.46077;10000.0;
219.55077;10000.0;
219.63098;10000.0;
219.7108;10000.0;
219.7908;10000.0;
219.8808;10000.0;
219.9608;10000.0;
220.04079;10000.0;
220.13078;10000.0;
220.2108;10000.0;
220.29085;10000.0;
220.38078;10000.0;
220.46078;10000.0;
220.54149;10000.0;
220.63078;10000.0;
220.71097;10000.0;
220.79092;10000.0;
220.8808;10000.0;
220.9608;10000.0;
221.0408;10000.0;
221.12079;10000.0;
221.21086;10000.0;
221.29079;10000.0;
221.37079;10000.0;
221.46086;10000.0;
221.54079;10000.0;
221.62077;10000.0;
221.71095;10000.0;
221.79079;10000.0;
221.87105;10000.0;
221.96082;10000.0;
222.0408;10000.0;
222.12083;10000.0;
222.21078;10000.0;
222.2908;10000.0;
222.3708;10000.0;
222.45078;10000.0;
222.54079;10000.0;
222.62085;10000.0;
222.70084;10000.0;
222.79082;10000.0;
222.87105;10000.0;
222.9508;10000.0;
223.033;10000.0;
223.121;10000.0;
223.20085;10000.0;
223.29082;10000.0;
223.37079;10000.0;
223.45079;10000.0;
223.53079;10000.0;
223.62079;10000.0;
223.7018;10000.0;
223.78085;10000.0;
223.87082;10000.0;
223.95079;10000.0;
224.03105;10000.0;
224.12077;10000.0;
224.20084;10000.0;
224.28088;10000.0;
224.37082;10000.0;
224.45084;10000.0;
224.53079;10000.0;
224.62079;10000.0;
224.70082;10000.0;
224.78079;10000.0;
224.86113;10000.0;
224.95093;10000.0;
225.03078;10000.0;
225.1108;10000.0;
225.20096;10000.0;
225.28076;10000.0;
225.36078;10000.0;
225.45088;10000.0;
225.5308;10000.0;
225.6109;10000.0;
225.70087;10000.0;
225.78079;10000.0;
225.8638;10000.0;
225.95079;10000.0;
226.0308;10000.0;
226.11108;10000.0;
226.1908;10000.0;
226.28078;10000.0;
226.36113;10000.0;
226.4408;10000.0;
226.53078;10000.0;
226.61084;10000.0;
226.69084;10000.0;
226.78093;10000.0;
226.86226;10000.0;
226.94081;10000.0;
227.0208;10000.0;
227.1108;10000.0;
227.19081;10000.0;
227.271;10000.0;
227.36078;10000.0;
227.44078;10000.0;
227.52086;10000.0;
227.61081;10000.0;
227.69083;10000.0;
227.771;10000.0;
227.86078;10000.0;
227.94083;10000.0;
228.02077;10000.0;
228.1108;10000.0;
228.19087;10000.0;
228.27087;10000.0;
228.351;10000.0;
228.44086;10000.0;
228.52077;10000.0;
228.60077;10000.0;
228.6909;10000.0;
228.77084;10000.0;
228.8508;10000.0;
228.9408;10000.0;
229.02084;10000.0;
229.10081;10000.0;
229.19084;10000.0;
229.2708;10000.0;
229.35089;10000.0;
229.43088;10000.0;
229.52081;10000.0;
229.60097;10000.0;
229.6808;10000.0;
229.77084;10000.0;
229.85095;10000.0;
229.93079;10000.0;
230.02077;10000.0;
230.1008;10000.0;
230.18083;10000.0;
230.2715;10000.0;
230.351;10000.0;
230.43102;10000.0;
230.51111;10000.0;
230.60081;10000.0;
230.68082;10000.0;
230.76106;10000.0;
230.85081;10000.0;
230.93079;10000.0;
231.01096;10000.0;
231.10078;10000.0;
231.18077;10000.0;
231.2616;10000.0;
231.3508;10000.0;
231.43079;10000.0;
231.51161;10000.0;
231.59079;10000.0;
231.68082;10000.0;
231.76111;10000.0;
231.8408;10000.0;
231.93108;10000.0;
232.01083;10000.0;
232.0911;10000.0;
232.18098;10000.0;
232.26077;10000.0;
232.3408;10000.0;
232.4308;10000.0;
232.5108;10000.0;
232.59079;10000.0;
232.68086;10000.0;
232.76115;10000.0;
232.8409;10000.0;
232.9208;10000.0;
233.0108;10000.0;
233.09087;10000.0;
233.17078;10000.0;
233.2608;10000.0;
233.34097;10000.0;
233.42079;10000.0;
233.51079;10000.0;
233.59079;10000.0;
233.67079;10000.0;
233.75078;10000.0;
233.84077;10000.0;
233.92082;10000.0;
234.00087;10000.0;
234.09079;10000.0;
234.17079;10000.0;
234.25093;10000.0;
234.34079;10000.0;
234.42078;10000.0;
234.50104;10000.0;
234.59079;10000.0;
234.67085;10000.0;
234.75078;10000.0;
234.84079;10000.0;
234.92078;10000.0;
235.00078;10000.0;
235.08081;10000.0;
235.17084;10000.0;
235.2508;10000.0;
235.33078;10000.0;
235.4211;10000.0;
235.50078;10000.0;
235.58081;10000.0;
235.67082;10000.0;
235.7508;10000.0;
235.83081;10000.0;
235.92079;10000.0;
236.00081;10000.0;
236.08076;10000.0;
236.16077;10000.0;
236.25081;10000.0;
236.33084;10000.0;
236.41078;10000.0;
236.5008;10000.0;
236.58142;10000.0;
236.66084;10000.0;
236.75084;10000.0;
236.83101;10000.0;
236.91081;10000.0;
237.00078;10000.0;
237.08078;10000.0;
237.16078;10000.0;
237.24078;10000.0;
237.3308;10000.0;
237.41078;10000.0;
237.49083;10000.0;
237.58078;10000.0;
237.66081;10000.0;
237.74103;10000.0;
237.83081;10000.0;
237.9108;10000.0;
237.99098;10000.0;
238.08081;10000.0;
238.16084;10000.0;
238.24097;10000.0;
238.33078;10000.0;
238.41084;10000.0;
238.49078;10000.0;
238.57077;10000.0;
238.6612;10000.0;
238.74078;10000.0;
238.82083;10000.0;
238.91098;10000.0;
238.99084;10000.0;
239.0708;10000.0;
239.16081;10000.0;
239.24086;10000.0;
239.32082;10000.0;
239.4108;10000.0;
239.4908;10000.0;
239.57082;10000.0;
239.6508;10000.0;
239.74078;10000.0;
239.82175;10000.0;
239.90079;10000.0;
239.9908;10000.0;
240.07092;10000.0;
240.1508;10000.0;
240.24081;10000.0;
240.32079;10000.0;
240.4008;10000.0;
240.49083;10000.0;
240.57079;10000.0;
240.65079;10000.0;
240.74088;10000.0;
240.82077;10000.0;
240.90112;10000.0;
240.98119;10000.0;
241.0708;10000.0;
241.1508;10000.0;
241.23085;10000.0;
241.32082;10000.0;
241.4008;10000.0;
241.48079;10000.0;
241.57079;10000.0;
241.6508;10000.0;
241.73077;10000.0;
241.82161;10000.0;
241.90088;10000.0;
241.98077;10000.0;
242.06078;10000.0;
242.15094;10000.0;
242.23077;10000.0;
242.3108;10000.0;
242.40083;10000.0;
242.48079;10000.0;
242.56079;10000.0;
242.65079;10000.0;
242.7308;10000.0;
242.8108;10000.0;
242.90082;10000.0;
242.98079;10000.0;
243.06082;10000.0;
243.1508;10000.0;
243.2308;10000.0;
243.31096;10000.0;
243.39078;10000.0;
243.4809;10000.0;
243.56091;10000.0;
243.64081;10000.0;
243.73079;10000.0;
243.81078;10000.0;
243.89099;10000.0;
243.9808;10000.0;
244.06079;10000.0;
244.14082;10000.0;
244.23087;10000.0;
244.3108;10000.0;
244.3908;10000.0;
244.48106;10000.0;
244.56084;10000.0;
244.64102;10000.0;
244.72087;10000.0;
244.81079;10000.0;
244.89087;10000.0;
244.97163;10000.0;
245.06084;10000.0;
245.14081;10000.0;
245.22078;10000.0;
245.31082;10000.0;
245.39087;10000.0;
245.47078;10000.0;
245.56085;10000.0;
245.64102;10000.0;
245.72076;10000.0;
245.81084;10000.0;
245.8909;10000.0;
245.97081;10000.0;
246.05235;10000.0;
246.1408;10000.0;
246.22081;10000.0;
246.3008;10000.0;
246.39081;10000.0;
246.47078;10000.0;
246.55089;10000.0;
246.64078;10000.0;
246.72076;10000.0;
246.80089;10000.0;
246.89078;10000.0;
246.97083;10000.0;
247.05083;10000.0;
247.1408;10000.0;
247.2208;10000.0;
247.30078;10000.0;
247.38078;10000.0;
247.47081;10000.0;
247.5508;10000.0;
247.63081;10000.0;
247.72112;10000.0;
247.80083;10000.0;
247.8808;10000.0;
247.97092;10000.0;
248.05078;10000.0;
248.13078;10000.0;
248.22076;10000.0;
248.3008;10000.0;
248.38106;10000.0;
248.47078;10000.0;
248.5508;10000.0;
248.6308;10000.0;
248.71078;10000.0;
248.80083;10000.0;
248.88078;10000.0;
248.9609;10000.0;
249.05078;10000.0;
249.13087;10000.0;
249.21086;10000.0;
249.30078;10000.0;
249.38077;10000.0;
249.46078;10000.0;
249.5508;10000.0;
249.63078;10000.0;
249.71098;10000.0;
249.79106;10000.0;
249.8808;10000.0;
249.96082;10000.0;
250.04085;10000.0;
250.13101;10000.0;
250.21078;10000.0;
250.29086;10000.0;
250.38077;10000.0;
250.46077;10000.0;
250.54077;10000.0;
250.63081;10000.0;
250.7108;10000.0;
250.79082;10000.0;
250.88083;10000.0;
250.96085;10000.0;
251.04082;10000.0;
251.12079;10000.0;
251.21098;10000.0;
251.29077;10000.0;
251.3708;10000.0;
251.4609;10000.0;
251.54115;10000.0;
251.62079;10000.0;
251.71077;10000.0;
251.7908;10000.0;
251.87085;10000.0;
251.96078;10000.0;
252.04083;10000.0;
252.12091;10000.0;
252.21077;10000.0;
252.2908;10000.0;
252.37086;10000.0;
252.45145;10000.0;
252.54088;10000.0;
252.62085;10000.0;
252.70079;10000.0;
252.79079;10000.0;
252.87077;10000.0;
252.95079;10000.0;
253.0408;10000.0;
253.12082;10000.0;
253.20085;10000.0;
253.29086;10000.0;
253.37091;10000.0;
253.45082;10000.0;
253.54172;10000.0;
253.6208;10000.0;
253.70079;10000.0;
253.78099;10000.0;
253.87103;10000.0;
253.95079;10000.0;
254.03078;10000.0;
254.12083;10000.0;
254.20079;10000.0;
254.28079;10000.0;
254.3708;10000.0;
254.45172;10000.0;
254.53078;10000.0;
254.6208;10000.0;
254.70119;10000.0;
254.78078;10000.0;
254.8708;10000.0;
254.95082;10000.0;
255.03078;10000.0;
255.1108;10000.0;
255.20079;10000.0;
255.28078;10000.0;
255.3608;10000.0;
255.45473;10000.0;
255.53079;10000.0;
255.61087;10000.0;
255.7008;10000.0;
255.78078;10000.0;
255.86086;10000.0;
255.95078;10000.0;
256.0308;10000.0;
256.1109;10000.0;
256.19083;10000.0;
256.2808;10000.0;
256.36078;10000.0;
256.4408;10000.0;
256.53085;10000.0;
256.6108;10000.0;
256.6908;10000.0;
256.78152;10000.0;
256.8608;10000.0;
256.9408;10000.0;
257.03088;10000.0;
257.1108;10000.0;
257.1908;10000.0;
257.2808;10000.0;
257.3608;10000.0;
257.4408;10000.0;
257.52078;10000.0;
257.6108;10000.0;
257.69077;10000.0;
257.77097;10000.0;
257.8608;10000.0;
257.94086;10000.0;
258.02078;10000.0;
258.11078;10000.0;
258.19113;10000.0;
258.27078;10000.0;
258.3608;10000.0;
258.4408;10000.0;
258.52078;10000.0;
258.601;10000.0;
258.69077;10000.0;
258.77084;10000.0;
258.8508;10000.0;
258.9408;10000.0;
259.0208;10000.0;
259.10083;10000.0;
259.19083;10000.0;
259.27078;10000.0;
259.35168;10000.0;
259.44095;10000.0;
259.52084;10000.0;
259.60086;10000.0;
259.6838;10000.0;
259.7708;10000.0;
259.851;10000.0;
259.93082;10000.0;
260.02084;10000.0;
260.10077;10000.0;
260.18082;10000.0;
260.27127;10000.0;
260.35077;10000.0;
260.43082;10000.0;
260.52094;10000.0;
260.6008;10000.0;
260.68082;10000.0;
260.77078;10000.0;
260.8508;10000.0;
260.9308;10000.0;
261.0108;10000.0;
261.1008;10000.0;
261.18082;10000.0;
261.26077;10000.0;
261.35077;10000.0;
261.43088;10000.0;
261.51077;10000.0;
261.60077;10000.0;
261.68097;10000.0;
261.7616;10000.0;
261.8508;10000.0;
261.9308;10000.0;
262.0108;10000.0;
262.0908;10000.0;
262.1808;10000.0;
262.2608;10000.0;
262.34082;10000.0;
262.4308;10000.0;
262.51077;10000.0;
262.591;10000.0;
262.6808;10000.0;
262.7612;10000.0;
262.84125;10000.0;
262.9308;10000.0;
263.01086;10000.0;
263.0908;10000.0;
263.1808;10000.0;
263.2608;10000.0;
263.34082;10000.0;
263.42078;10000.0;
263.51086;10000.0;
263.5908;10000.0;
263.6708;10000.0;
263.76086;10000.0;
263.8408;10000.0;
263.92078;10000.0;
264.01093;10000.0;
264.0908;10000.0;
264.1708;10000.0;
264.26077;10000.0;
264.3408;10000.0;
264.42078;10000.0;
264.51086;10000.0;
264.5908;10000.0;
264.67087;10000.0;
264.75098;10000.0;
264.84082;10000.0;
264.92093;10000.0;
265.00076;10000.0;
265.0908;10000.0;
265.1709;10000.0;
265.2508;10000.0;
265.34076;10000.0;
265.4208;10000.0;
265.50098;10000.0;
265.59082;10000.0;
265.67078;10000.0;
265.7508;10000.0;
265.831;10000.0;
265.92078;10000.0;
266.0008;10000.0;
266.08087;10000.0;
266.17084;10000.0;
266.2508;10000.0;
266.33096;10000.0;
266.4214;10000.0;
266.50076;10000.0;
266.5808;10000.0;
266.67084;10000.0;
266.7508;10000.0;
266.83282;10000.0;
266.9108;10000.0;
267.00085;10000.0;
267.08078;10000.0;
267.1608;10000.0;
267.251;10000.0;
267.33078;10000.0;
267.4108;10000.0;
267.5008;10000.0;
267.58078;10000.0;
267.6608;10000.0;
267.7508;10000.0;
267.8308;10000.0;
267.91077;10000.0;
268.0008;10000.0;
268.0808;10000.0;
268.16083;10000.0;
268.24078;10000.0;
268.33078;10000.0;
268.41098;10000.0;
268.49078;10000.0;
268.58078;10000.0;
268.6609;10000.0;
268.74078;10000.0;
268.83078;10000.0;
268.91077;10000.0;
268.9908;10000.0;
269.0808;10000.0;
269.1608;10000.0;
269.24078;10000.0;
269.32083;10000.0;
269.41077;10000.0;
269.4908;10000.0;
269.5708;10000.0;
269.6608;10000.0;
269.74078;10000.0;
269.8208;10000.0;
269.91077;10000.0;
269.99078;10000.0;
270.07077;10000.0;
270.1508;10000.0;
270.24078;10000.0;
270.3208;10000.0;
270.40082;10000.0;
270.49118;10000.0;
270.57077;10000.0;
270.6508;10000.0;
270.74078;10000.0;
270.82083;10000.0;
270.9008;10000.0;
270.9908;10000.0;
271.0708;10000.0;
271.1508;10000.0;
271.24075;10000.0;
271.32077;10000.0;
271.4008;10000.0;
271.4808;10000.0;
271.57077;10000.0;
271.65085;10000.0;
271.73077;10000.0;
271.8136;10000.0;
271.90088;10000.0;
271.9808;10000.0;
272.0708;10000.0;
272.15076;10000.0;
272.2308;10000.0;
272.3208;10000.0;
272.4009;10000.0;
272.48083;10000.0;
272.5618;10000.0;
272.6508;10000.0;
272.7308;10000.0;
272.81113;10000.0;
272.90082;10000.0;
272.9808;10000.0;
273.06088;10000.0;
273.15082;10000.0;
273.2308;10000.0;
273.3108;10000.0;
273.40106;10000.0;
273.4808;10000.0;
273.56076;10000.0;
273.64078;10000.0;
273.7309;10000.0;
273.8108;10000.0;
273.89087;10000.0;
273.98135;10000.0;
274.0608;10000.0;
274.14078;10000.0;
274.23096;10000.0;
274.3108;10000.0;
274.39078;10000.0;
274.48077;10000.0;
274.5608;10000.0;
274.64078;10000.0;
274.7208;10000.0;
274.81082;10000.0;
274.89087;10000.0;
274.9708;10000.0;
275.06082;10000.0;
275.2208;10000.0;
275.3108;10000.0;
275.39093;10000.0;
275.47076;10000.0;
275.5608;10000.0;
275.64078;10000.0;
275.7208;10000.0;
275.8038;10000.0;
275.89084;10000.0;
275.97076;10000.0;
276.0508;10000.0;
276.14078;10000.0;
276.22076;10000.0;
276.30093;10000.0;
276.3908;10000.0;
276.4708;10000.0;
276.55096;10000.0;
276.64078;10000.0;
276.7214;10000.0;
276.8008;10000.0;
276.8908;10000.0;
276.97076;10000.0;
277.05078;10000.0;
277.1409;10000.0;
277.22083;10000.0;
277.3008;10000.0;
277.3808;10000.0;
277.47095;10000.0;
277.55078;10000.0;
277.6308;10000.0;
277.72095;10000.0;
277.8008;10000.0;
277.88083;10000.0;
277.97076;10000.0;
278.0508;10000.0;
278.1308;10000.0;
278.2208;10000.0;
278.30087;10000.0;
278.3809;10000.0;
278.46112;10000.0;
278.55084;10000.0;
278.6309;10000.0;
278.7108;10000.0;
278.80148;10000.0;
278.88162;10000.0;
278.9608;10000.0;
279.05078;10000.0;
279.1308;10000.0;
279.2108;10000.0;
279.30078;10000.0;
279.3809;10000.0;
279.46085;10000.0;
279.5409;10000.0;
279.63113;10000.0;
279.7108;10000.0;
279.79193;10000.0;
279.88138;10000.0;
279.96082;10000.0;
280.041;10000.0;
280.1308;10000.0;
280.2108;10000.0;
280.29077;10000.0;
280.38083;10000.0;
280.46082;10000.0;
280.5416;10000.0;
280.63077;10000.0;
280.71085;10000.0;
280.79077;10000.0;
280.87076;10000.0;
280.96085;10000.0;
281.0411;10000.0;
281.12082;10000.0;
281.21082;10000.0;
281.2908;10000.0;
281.3708;10000.0;
281.4609;10000.0;
281.54077;10000.0;
281.62082;10000.0;
281.7108;10000.0;
281.79114;10000.0;
281.87088;10000.0;
281.95078;10000.0;
282.0408;10000.0;
282.12137;10000.0;
282.2008;10000.0;
282.29077;10000.0;
282.3708;10000.0;
282.45078;10000.0;
282.5408;10000.0;
282.6208;10000.0;
282.70078;10000.0;
282.79105;10000.0;
282.8708;10000.0;
282.9509;10000.0;
283.03088;10000.0;
283.12082;10000.0;
283.20084;10000.0;
283.2809;10000.0;
283.3708;10000.0;
283.4508;10000.0;
283.53094;10000.0;
283.6208;10000.0;
283.7008;10000.0;
283.781;10000.0;
283.8708;10000.0;
283.95084;10000.0;
284.0308;10000.0;
284.1108;10000.0;
284.20108;10000.0;
284.28082;10000.0;
284.3608;10000.0;
284.45102;10000.0;
284.5308;10000.0;
284.61084;10000.0;
284.70078;10000.0;
284.7808;10000.0;
284.8608;10000.0;
284.9508;10000.0;
285.0308;10000.0;
285.1108;10000.0;
285.20078;10000.0;
285.2808;10000.0;
285.36118;10000.0;
285.4408;10000.0;
285.53082;10000.0;
285.61136;10000.0;
285.6908;10000.0;
285.78085;10000.0;
285.86078;10000.0;
285.9408;10000.0;
286.0308;10000.0;
286.11078;10000.0;
286.1908;10000.0;
286.28104;10000.0;
286.36078;10000.0;
286.4408;10000.0;
286.53098;10000.0;
286.61078;10000.0;
286.69104;10000.0;
286.77115;10000.0;
286.8608;10000.0;
286.9408;10000.0;
287.0208;10000.0;
287.11078;10000.0;
287.19077;10000.0;
287.27078;10000.0;
287.36078;10000.0;
287.44086;10000.0;
287.5208;10000.0;
287.61078;10000.0;
287.69077;10000.0;
287.77087;10000.0;
287.85083;10000.0;
287.94077;10000.0;
288.02078;10000.0;
288.10077;10000.0;
288.1908;10000.0;
288.27078;10000.0;
288.35083;10000.0;
288.44077;10000.0;
288.52078;10000.0;
288.60083;10000.0;
288.6908;10000.0;
288.77078;10000.0;
288.85086;10000.0;
288.9408;10000.0;
289.02075;10000.0;
289.10092;10000.0;
289.18082;10000.0;
289.27078;10000.0;
289.3508;10000.0;
289.43082;10000.0;
289.52084;10000.0;
289.6008;10000.0;
289.68082;10000.0;
289.7711;10000.0;
289.8508;10000.0;
289.9308;10000.0;
290.02087;10000.0;
290.1008;10000.0;
290.1808;10000.0;
290.26083;10000.0;
290.35223;10000.0;
290.4308;10000.0;
290.5108;10000.0;
290.60077;10000.0;
290.68076;10000.0;
290.76077;10000.0;
290.85098;10000.0;
290.93085;10000.0;
291.0108;10000.0;
291.1008;10000.0;
291.18088;10000.0;
291.26086;10000.0;
291.35077;10000.0;
291.43082;10000.0;
291.51077;10000.0;
291.59082;10000.0;
291.6808;10000.0;
291.7608;10000.0;
291.84128;10000.0;
291.93076;10000.0;
292.01077;10000.0;
292.09082;10000.0;
292.18085;10000.0;
292.2608;10000.0;
292.34088;10000.0;
292.4308;10000.0;
292.51077;10000.0;
292.59122;10000.0;
292.67084;10000.0;
292.76123;10000.0;
292.8408;10000.0;
292.92078;10000.0;
293.01086;10000.0;
293.09082;10000.0;
293.17078;10000.0;
293.26114;10000.0;
293.3408;10000.0;
293.42078;10000.0;
293.51093;10000.0;
293.5908;10000.0;
293.67078;10000.0;
293.75092;10000.0;
293.84082;10000.0;
293.92084;10000.0;
294.0008;10000.0;
294.09076;10000.0;
294.17084;10000.0;
294.2508;10000.0;
294.34082;10000.0;
294.42133;10000.0;
294.5008;10000.0;
294.5908;10000.0;
294.6712;10000.0;
294.75076;10000.0;
294.83078;10000.0;
294.9211;10000.0;
295.0008;10000.0;
295.08078;10000.0;
295.1708;10000.0;
295.2508;10000.0;
295.33084;10000.0;
295.42084;10000.0;
295.50082;10000.0;
295.5811;10000.0;
295.67078;10000.0;
295.7508;10000.0;
295.83096;10000.0;
295.9108;10000.0;
296.0008;10000.0;
296.08075;10000.0;
296.16077;10000.0;
296.2508;10000.0;
296.33078;10000.0;
296.4108;10000.0;
296.5015;10000.0;
296.5808;10000.0;
296.6608;10000.0;
296.74106;10000.0;
296.8308;10000.0;
296.91077;10000.0;
296.99084;10000.0;
297.08078;10000.0;
297.1608;10000.0;
297.2408;10000.0;
297.33075;10000.0;
297.41083;10000.0;
297.4908;10000.0;
297.58078;10000.0;
297.6609;10000.0;
297.74078;10000.0;
297.83084;10000.0;
297.91122;10000.0;
297.99078;10000.0;
298.07077;10000.0;
298.16086;10000.0;
298.24075;10000.0;
298.32077;10000.0;
298.4108;10000.0;
298.49078;10000.0;
298.5708;10000.0;
298.66086;10000.0;
298.7408;10000.0;
298.82086;10000.0;
298.91077;10000.0;
298.99078;10000.0;
299.071;10000.0;
299.1508;10000.0;
299.2408;10000.0;
299.32086;10000.0;
299.4008;10000.0;
299.49075;10000.0;
299.57077;10000.0;
299.65106;10000.0;
299.74078;10000.0;
299.82077;10000.0;
299.9008;10000.0;
299.99088;10000.0;
300.0708;10000.0;
300.1508;10000.0;
300.23096;10000.0;
300.32077;10000.0;
300.40076;10000.0;
300.48083;10000.0;
300.5708;10000.0;
300.6508;10000.0;
300.73077;10000.0;
300.8208;10000.0;
300.9008;10000.0;
300.98074;10000.0;
301.07077;10000.0;
301.15088;10000.0;
301.23077;10000.0;
301.31076;10000.0;
301.40137;10000.0;
301.4808;10000.0;
301.5608;10000.0;
301.65085;10000.0;
301.73077;10000.0;
301.8108;10000.0;
301.9008;10000.0;
301.98077;10000.0;
302.0608;10000.0;
302.15076;10000.0;
302.23087;10000.0;
302.31085;10000.0;
302.39087;10000.0;
302.48077;10000.0;
302.5611;10000.0;
302.64102;10000.0;
302.73077;10000.0;
302.81085;10000.0;
302.89084;10000.0;
302.9808;10000.0;
303.0608;10000.0;
303.14078;10000.0;
303.2308;10000.0;
303.3108;10000.0;
303.39078;10000.0;
303.4811;10000.0;
303.56082;10000.0;
303.64078;10000.0;
303.72098;10000.0;
303.81085;10000.0;
303.89078;10000.0;
303.97177;10000.0;
304.0608;10000.0;
304.1408;10000.0;
304.2208;10000.0;
304.3108;10000.0;
304.39084;10000.0;
304.47083;10000.0;
304.5608;10000.0;
304.6409;10000.0;
304.72076;10000.0;
304.80148;10000.0;
304.89087;10000.0;
304.9708;10000.0;
305.05093;10000.0;
305.14078;10000.0;
305.22083;10000.0;
305.3012;10000.0;
305.3908;10000.0;
305.4708;10000.0;
305.5508;10000.0;
305.64078;10000.0;
305.72076;10000.0;
305.8013;10000.0;
305.8908;10000.0;
305.97083;10000.0;
306.05084;10000.0;
306.13077;10000.0;
306.2208;10000.0;
306.3008;10000.0;
306.3808;10000.0;
306.47076;10000.0;
306.55078;10000.0;
306.63077;10000.0;
306.72086;10000.0;
306.8008;10000.0;
306.88083;10000.0;
306.96136;10000.0;
307.05087;10000.0;
307.1308;10000.0;
307.21085;10000.0;
307.29388;10000.0;
307.3808;10000.0;
307.4608;10000.0;
307.55078;10000.0;
307.6308;10000.0;
307.7108;10000.0;
307.8024;10000.0;
307.881;10000.0;
307.96075;10000.0;
308.04077;10000.0;
308.13086;10000.0;
308.2108;10000.0;
308.29077;10000.0;
308.38107;10000.0;
308.46082;10000.0;
308.5408;10000.0;
308.63083;10000.0;
308.71082;16000.0;
308.79077;16000.0;
308.88126;16000.0;
308.9608;16000.0;
309.0411;16000.0;
309.1208;16000.0;
309.21075;16000.0;
309.29095;16000.0;
309.37076;16000.0;
309.4608;16000.0;
309.5409;16000.0;
309.6208;16000.0;
309.7108;16000.0;
309.7908;16000.0;
309.8708;16000.0;
309.9608;16000.0;
310.04077;16000.0;
310.1208;16000.0;
310.21088;16000.0;
310.2908;16000.0;
310.371;16000.0;
310.45087;16000.0;
310.5408;16000.0;
310.6208;16000.0;
