Timestamp;Time;Longitude;Latitude;Altitude;Accuracy;Speed (m/s);Speed (km/h);Speed (mph);Speed (kts);
0.0;12:29:53;145.05574098788202;-37.957725492306054;45.20001220703125;15.0;0.37530002;1.3510801;0.8395236;0.7295232;
1.0;12:29:54;145.0557398982346;-37.957721636630595;45.79998779296875;15.0;0.81315;2.9273398;1.8189677;1.5806335;
2.0;12:29:55;145.05573813803494;-37.95771396718919;46.0999755859375;15.0;0.56295;2.02662;1.2592853;1.0942848;
3.0000002;12:29:56;145.05573428235948;-37.95770617201924;46.79998779296875;15.0;1.31355;4.72878;2.9383323;2.5533311;
4.0;12:29:57;145.05572539754212;-37.95769477263093;47.29998779296875;15.0;1.56375;5.6295;3.498015;3.03968;
5.0;12:29:58;145.0557160936296;-37.95768852811307;47.79998779296875;15.0;1.18845;4.27842;2.6584911;2.3101566;
6.0000005;12:29:59;145.05570570006967;-37.957688150927424;48.0;15.0;1.0008;3.60288;2.2387295;1.9453951;
7.0000005;12:30:00;145.05569589324296;-37.95768123585731;47.9000244140625;15.0;1.18845;4.27842;2.6584911;2.3101566;
8.0;12:30:01;145.05569396540523;-37.95766950119287;48.29998779296875;15.0;1.1259;4.05324;2.5185707;2.1885695;
9.0;12:30:03;145.05569195374846;-37.95765680260956;48.70001220703125;15.0;1.43865;5.17914;3.2181737;2.7965055;
10.0;12:30:03;145.05568667314947;-37.9576428886503;49.0;15.0;1.56375;5.6295;3.498015;3.03968;
11.000001;12:30:04;145.05568373948336;-37.95763568021357;49.4000244140625;10.0;0.68805;2.4769797;1.5391264;1.3374591;
12.000001;12:30:05;145.05567502230406;-37.95763660222292;49.5;10.0;1.0008;3.60288;2.2387295;1.9453951;
13.000001;12:30:06;145.05566446110606;-37.957630986347795;49.29998779296875;10.0;1.1259;4.05324;2.5185707;2.1885695;
14.000001;12:30:07;145.05565515719354;-37.95762608293444;49.5;10.0;1.251;4.5036;2.7984118;2.4317439;
15.000001;12:30:08;145.05564065650105;-37.957618832588196;49.29998779296875;10.0;1.6888499;6.0798597;3.7778559;3.282854;
16.0;12:30:09;145.0556333642453;-37.95761434827;49.9000244140625;15.0;0.8757;3.15252;1.9588883;1.7022207;
17.0;12:30:10;145.05562582053244;-37.95760818757117;49.9000244140625;10.0;1.18845;4.27842;2.6584911;2.3101566;
18.0;12:30:11;145.05561877973378;-37.95760382898152;49.9000244140625;15.0;1.06335;3.8280597;2.37865;2.0669823;
19.0;12:30:12;145.05562012083828;-37.95759590808302;50.0;15.0;0.93825;3.3776999;2.0988088;1.823808;
20.0;12:30:13;145.05561685189605;-37.957586562260985;50.0999755859375;15.0;1.1259;4.05324;2.5185707;2.1885695;
21.000002;12:30:14;145.05560813471675;-37.95758035965264;50.20001220703125;15.0;0.93825;3.3776999;2.0988088;1.823808;
22.000002;12:30:15;145.05559673532844;-37.95757235493511;50.29998779296875;15.0;1.06335;3.8280597;2.37865;2.0669823;
23.000002;12:30:16;145.05558726377785;-37.95756313484162;50.20001220703125;15.0;1.06335;3.8280597;2.37865;2.0669823;
24.000002;12:30:17;145.05557402037084;-37.95755412429571;49.79998779296875;15.0;1.251;4.5036;2.7984118;2.4317439;
25.000002;12:30:18;145.05556505173445;-37.957540922798216;49.5999755859375;15.0;1.43865;5.17914;3.2181737;2.7965055;
26.000002;12:30:19;145.05555574782193;-37.95752935577184;49.5999755859375;15.0;1.5012001;5.4043202;3.3580945;2.9180927;
27.000002;12:30:20;145.05554527044296;-37.9575184173882;49.79998779296875;15.0;1.251;4.5036;2.7984118;2.4317439;
28.000002;12:30:21;145.05553437396884;-37.95751003548503;50.0;15.0;1.18845;4.27842;2.6584911;2.3101566;
29.000002;12:30:22;145.05552381277084;-37.95749901328236;49.9000244140625;15.0;1.1259;4.05324;2.5185707;2.1885695;
30.000002;12:30:23;145.05551191046834;-37.95749138575047;49.9000244140625;15.0;1.1259;4.05324;2.5185707;2.1885695;
31.000002;12:30:24;145.0554983317852;-37.9574856441468;49.9000244140625;15.0;1.31355;4.72878;2.9383323;2.5533311;
32.0;12:30:25;145.05548307672143;-37.957475376315415;50.0;15.0;1.31355;4.72878;2.9383323;2.5533311;
33.0;12:30:26;145.0554753653705;-37.95745911542326;50.0999755859375;15.0;1.3761;4.9539595;3.0782528;2.6749182;
34.0;12:30:27;145.05546589381993;-37.95744306407869;50.20001220703125;15.0;1.6263;5.8546796;3.6379354;3.161267;
35.0;12:30:28;145.05546086467803;-37.95742713846266;50.4000244140625;15.0;1.43865;5.17914;3.2181737;2.7965055;
36.0;12:30:29;145.05544896237552;-37.95741603244096;50.5;15.0;1.6263;5.8546796;3.6379354;3.161267;
37.0;12:30:30;145.05543127655983;-37.9574068961665;50.4000244140625;15.0;1.5012001;5.4043202;3.3580945;2.9180927;
38.0;12:30:31;145.05541224963963;-37.95739729888737;50.20001220703125;15.0;1.43865;5.17914;3.2181737;2.7965055;
39.0;12:30:32;145.05539590492845;-37.9573899647221;50.0999755859375;15.0;1.18845;4.27842;2.6584911;2.3101566;
40.0;12:30:34;145.05538358353078;-37.957381289452314;50.29998779296875;15.0;1.251;4.5036;2.7984118;2.4317439;
41.000004;12:30:34;145.05537612363696;-37.95737022534013;51.0;15.0;1.1259;4.05324;2.5185707;2.1885695;
42.000004;12:30:35;145.05536480806768;-37.95736163388938;51.0999755859375;15.0;1.06335;3.8280597;2.37865;2.0669823;
43.000004;12:30:36;145.05535072647035;-37.95735995750874;50.9000244140625;15.0;1.06335;3.8280597;2.37865;2.0669823;
44.000004;12:30:37;145.05533404648304;-37.95735999941826;50.79998779296875;10.0;1.18845;4.27842;2.6584911;2.3101566;
45.000004;12:30:38;145.05531745031476;-37.95736410655081;50.5999755859375;10.0;1.06335;3.8280597;2.37865;2.0669823;
46.000004;12:30:39;145.05530102178454;-37.95737265609205;50.4000244140625;10.0;1.06335;3.8280597;2.37865;2.0669823;
47.000004;12:30:40;145.055286353454;-37.9573767632246;50.5999755859375;10.0;1.3761;4.9539595;3.0782528;2.6749182;
48.000004;12:30:41;145.05527302622795;-37.957383007742465;50.9000244140625;10.0;1.251;4.5036;2.7984118;2.4317439;
49.000004;12:30:42;145.0552607048303;-37.957392521202564;50.9000244140625;10.0;1.0008;3.60288;2.2387295;1.9453951;
50.000004;12:30:43;145.05524762906134;-37.95740178320557;50.70001220703125;10.0;1.251;4.5036;2.7984118;2.4317439;
51.000004;12:30:44;145.055233547464;-37.95741037465632;50.5;10.0;1.18845;4.27842;2.6584911;2.3101566;
52.000004;12:30:45;145.05521644838154;-37.95742101967335;50.20001220703125;10.0;1.3761;4.9539595;3.0782528;2.6749182;
53.000004;12:30:46;145.0552026182413;-37.957429359667;50.20001220703125;10.0;1.6263;5.8546796;3.6379354;3.161267;
54.000004;12:30:47;145.0551875308156;-37.95744105242193;50.20001220703125;10.0;1.6888499;6.0798597;3.7778559;3.282854;
55.000004;12:30:48;145.05517202429473;-37.95745081733912;50.29998779296875;10.0;1.93905;6.98058;4.3375382;3.769203;
56.000004;12:30:49;145.05515618249774;-37.95746406074613;50.4000244140625;10.0;1.93905;6.98058;4.3375382;3.769203;
57.000004;12:30:50;145.05513925105333;-37.95747579541057;50.5;10.0;1.8765;6.7553997;4.1976175;3.647616;
58.000004;12:30:51;145.0551238283515;-37.957490547560155;50.5;10.0;1.6888499;6.0798597;3.7778559;3.282854;
59.000004;12:30:52;145.05511150695384;-37.957499767653644;50.70001220703125;10.0;1.3761;4.9539595;3.0782528;2.6749182;
60.000004;12:30:53;145.05509750917554;-37.95751238241792;50.70001220703125;10.0;1.43865;5.17914;3.2181737;2.7965055;
61.000004;12:30:54;145.05507957190275;-37.95752248261124;50.5;10.0;1.6263;5.8546796;3.6379354;3.161267;
62.000004;12:30:55;145.0550596229732;-37.957526673562825;50.5999755859375;10.0;1.8139501;6.53022;4.0576973;3.5260286;
63.000004;12:30:56;145.0550392549485;-37.957532750442624;50.79998779296875;10.0;1.93905;6.98058;4.3375382;3.769203;
64.0;12:30:57;145.05502081476152;-37.95754129998386;50.9000244140625;10.0;1.6888499;6.0798597;3.7778559;3.282854;
65.0;12:30:58;145.05500321276486;-37.957551064901054;51.0;10.0;1.6263;5.8546796;3.6379354;3.161267;
66.0;12:30:59;145.05498250946403;-37.95756242237985;51.0;10.0;1.7514;6.30504;3.9177766;3.4044414;
67.0;12:31:00;145.05496121942997;-37.957577970810235;51.0999755859375;10.0;1.8139501;6.53022;4.0576973;3.5260286;
68.0;12:31:01;145.05494353361428;-37.95758702326566;51.29998779296875;10.0;1.6263;5.8546796;3.6379354;3.161267;
69.0;12:31:02;145.05492609925568;-37.95759297441691;51.5999755859375;10.0;1.56375;5.6295;3.498015;3.03968;
70.0;12:31:03;145.05491218529642;-37.95759662054479;51.9000244140625;10.0;1.0008;3.60288;2.2387295;1.9453951;
71.0;12:31:04;145.05490137264132;-37.957599512301385;51.9000244140625;10.0;0.8757;3.15252;1.9588883;1.7022207;
72.0;12:31:05;145.05489156581461;-37.95760232023895;52.0999755859375;10.0;0.8757;3.15252;1.9588883;1.7022207;
73.0;12:31:06;145.05488293245435;-37.95760328415781;52.0999755859375;10.0;0.81315;2.9273398;1.8189677;1.5806335;
74.0;12:31:07;145.0548727903515;-37.95760634355247;52.20001220703125;10.0;1.06335;3.8280597;2.37865;2.0669823;
75.0;12:31:08;145.05486390553415;-37.957612168975174;52.20001220703125;10.0;1.18845;4.27842;2.6584911;2.3101566;
76.0;12:31:09;145.05485510453582;-37.957622394897044;52.20001220703125;10.0;1.18845;4.27842;2.6584911;2.3101566;
77.0;12:31:10;145.05484940484166;-37.95763002242893;52.0999755859375;10.0;0.93825;3.3776999;2.0988088;1.823808;
78.0;12:31:11;145.05484378896654;-37.95763790141791;52.0999755859375;10.0;0.8757;3.15252;1.9588883;1.7022207;
79.0;12:31:12;145.0548373349011;-37.95764800161123;52.20001220703125;10.0;1.18845;4.27842;2.6584911;2.3101566;
80.0;12:31:13;145.0548325572163;-37.957656173966825;52.4000244140625;10.0;0.8757;3.15252;1.9588883;1.7022207;
81.00001;12:31:14;145.0548230856657;-37.95765998773277;52.5;10.0;0.8757;3.15252;1.9588883;1.7022207;
82.00001;12:31:15;145.05481478758156;-37.9576653521508;52.5999755859375;10.0;0.81315;2.9273398;1.8189677;1.5806335;
83.00001;12:31:16;145.05480799824;-37.95767415314913;52.70001220703125;10.0;1.0008;3.60288;2.2387295;1.9453951;
84.00001;12:31:17;145.0547985266894;-37.95768169686198;52.79998779296875;10.0;1.1259;4.05324;2.5185707;2.1885695;
85.00001;12:31:18;145.05478746257722;-37.957683792337775;52.79998779296875;10.0;1.06335;3.8280597;2.37865;2.0669823;
86.00001;12:31:19;145.0547770690173;-37.95768907293677;52.79998779296875;10.0;1.1259;4.05324;2.5185707;2.1885695;
87.00001;12:31:21;145.05477162078023;-37.957697161473334;52.70001220703125;10.0;0.81315;2.9273398;1.8189677;1.5806335;
88.00001;12:31:21;145.05476474761963;-37.95770319644362;52.70001220703125;10.0;1.0008;3.60288;2.2387295;1.9453951;
89.00001;12:31:22;145.054765753448;-37.95770122669637;52.5999755859375;10.0;0.06255;0.22518;0.13992059;0.121587195;
90.00001;12:31:23;145.05476935766637;-37.95770185533911;52.4000244140625;10.0;0.2502;0.90072;0.55968237;0.48634878;
91.00001;12:31:24;145.05477346479893;-37.95769925694913;51.70001220703125;10.0;0.43785;1.57626;0.97944415;0.85111034;
92.00001;12:31:25;145.05476977676153;-37.95769883785397;51.29998779296875;10.0;0.43785;1.57626;0.97944415;0.85111034;
93.00001;12:31:26;145.05476340651512;-37.95769741293043;51.4000244140625;10.0;0.68805;2.4769797;1.5391264;1.3374591;
94.00001;12:31:27;145.05475468933582;-37.95769590418786;51.5;10.0;0.8757;3.15252;1.9588883;1.7022207;
95.00001;12:31:28;145.05474572069943;-37.957688150927424;51.5999755859375;10.0;1.0008;3.60288;2.2387295;1.9453951;
96.00001;12:31:29;145.05473809316754;-37.957672476768494;51.5;10.0;1.6263;5.8546796;3.6379354;3.161267;
97.00001;12:31:30;145.05473650060594;-37.95766480732709;51.5;10.0;1.251;4.5036;2.7984118;2.4317439;
98.00001;12:31:31;145.0547348242253;-37.957658395171165;51.29998779296875;10.0;1.251;4.5036;2.7984118;2.4317439;
99.00001;12:31:32;145.05472669377923;-37.957653449848294;51.0;10.0;1.1259;4.05324;2.5185707;2.1885695;
100.00001;12:31:33;145.05471135489643;-37.9576455289498;50.79998779296875;10.0;1.56375;5.6295;3.498015;3.03968;
101.00001;12:31:34;145.05469928495586;-37.95763668604195;50.5999755859375;10.0;1.5012001;5.4043202;3.3580945;2.9180927;
102.00001;12:31:35;145.05468361079693;-37.957631279714406;50.29998779296875;10.0;1.43865;5.17914;3.2181737;2.7965055;
103.00001;12:31:36;145.05467103794217;-37.957628262229264;50.29998779296875;15.0;1.3761;4.9539595;3.0782528;2.6749182;
104.00001;12:31:37;145.05466282367706;-37.957622688263655;50.5;15.0;1.31355;4.72878;2.9383323;2.5533311;
105.00001;12:31:38;145.05465695634484;-37.957613468170166;50.5999755859375;15.0;1.31355;4.72878;2.9383323;2.5533311;
106.00001;12:31:39;145.05464455112815;-37.95760470908135;50.70001220703125;15.0;1.5012001;5.4043202;3.3580945;2.9180927;
107.00001;12:31:40;145.054630972445;-37.95759670436382;50.79998779296875;15.0;1.3761;4.9539595;3.0782528;2.6749182;
108.00001;12:31:41;145.05461496300995;-37.95758710708469;50.79998779296875;15.0;1.8139501;6.53022;4.0576973;3.5260286;
109.00001;12:31:43;145.0546005461365;-37.957577467896044;50.9000244140625;15.0;1.6888499;6.0798597;3.7778559;3.282854;
110.00001;12:31:43;145.05458713509142;-37.95757105574012;50.9000244140625;15.0;1.5012001;5.4043202;3.3580945;2.9180927;
111.00001;12:31:44;145.05457238294184;-37.95756296720356;50.70001220703125;15.0;1.3761;4.9539595;3.0782528;2.6749182;
112.00001;12:31:45;145.05455913953483;-37.95755496248603;50.5;15.0;1.251;4.5036;2.7984118;2.4317439;
113.00001;12:31:46;145.05454648286104;-37.95754729304463;50.5999755859375;15.0;1.0008;3.60288;2.2387295;1.9453951;
114.00001;12:31:47;145.05453214980662;-37.95754029415548;50.5999755859375;15.0;1.0008;3.60288;2.2387295;1.9453951;
115.00001;12:31:48;145.05452192388475;-37.95753258280456;50.4000244140625;15.0;1.06335;3.8280597;2.37865;2.0669823;
116.00001;12:31:49;145.05451764911413;-37.95752399135381;50.20001220703125;15.0;0.75060004;2.7021601;1.6790472;1.4590464;
117.00001;12:31:50;145.05452938377857;-37.95750999357551;50.29998779296875;15.0;1.1259;4.05324;2.5185707;2.1885695;
118.00001;12:31:51;145.05454170517623;-37.95750295277685;50.5;15.0;1.31355;4.72878;2.9383323;2.5533311;
119.00001;12:31:52;145.0545579660684;-37.95749670825899;50.70001220703125;15.0;1.56375;5.6295;3.498015;3.03968;
120.00001;12:31:53;145.05458277650177;-37.957485392689705;51.0999755859375;15.0;1.5012001;5.4043202;3.3580945;2.9180927;
121.00001;12:31:54;145.05460440181196;-37.957476172596216;51.0;15.0;1.7514;6.30504;3.9177766;3.4044414;
122.00001;12:31:55;145.05461940541863;-37.957469802349806;50.9000244140625;15.0;1.43865;5.17914;3.2181737;2.7965055;
123.00001;12:31:56;145.05463893525302;-37.957462426275015;51.0;15.0;1.5012001;5.4043202;3.3580945;2.9180927;
124.00001;12:31:57;145.05465930327773;-37.957457061856985;51.0999755859375;15.0;1.5012001;5.4043202;3.3580945;2.9180927;
125.00001;12:31:58;145.05467648617923;-37.95744951814413;51.29998779296875;15.0;1.6263;5.8546796;3.6379354;3.161267;
126.00001;12:31:59;145.05469475872815;-37.957439166493714;51.29998779296875;10.0;1.56375;5.6295;3.498015;3.03968;
127.00001;12:32:00;145.05471160635352;-37.95743179041892;51.4000244140625;10.0;1.56375;5.6295;3.498015;3.03968;
128.0;12:32:02;145.05472878925502;-37.957422654144466;51.0999755859375;10.0;1.8139501;6.53022;4.0576973;3.5260286;
129.0;12:32:02;145.0547442957759;-37.957417792640626;51.0;10.0;1.6263;5.8546796;3.6379354;3.161267;
130.0;12:32:03;145.05475871264935;-37.95741209294647;50.79998779296875;10.0;1.6888499;6.0798597;3.7778559;3.282854;
131.0;12:32:04;145.05477195605636;-37.957403836771846;50.9000244140625;10.0;1.56375;5.6295;3.498015;3.03968;
132.0;12:32:05;145.05478679202497;-37.9573968378827;50.9000244140625;10.0;1.56375;5.6295;3.498015;3.03968;
133.0;12:32:06;145.05480397492647;-37.95739176683128;51.0;10.0;1.56375;5.6295;3.498015;3.03968;
134.0;12:32:07;145.0548201519996;-37.95738317538053;51.0999755859375;10.0;1.5012001;5.4043202;3.3580945;2.9180927;
135.0;12:32:08;145.0548373349011;-37.95737496111542;50.9000244140625;10.0;1.6263;5.8546796;3.6379354;3.161267;
136.0;12:32:09;145.05485367961228;-37.957366914488375;50.70001220703125;10.0;1.56375;5.6295;3.498015;3.03968;
137.0;12:32:10;145.0548669230193;-37.957361759617925;50.70001220703125;10.0;1.5012001;5.4043202;3.3580945;2.9180927;
138.0;12:32:11;145.0548831000924;-37.957353754900396;50.9000244140625;10.0;1.7514;6.30504;3.9177766;3.4044414;
139.0;12:32:12;145.0548968464136;-37.957345163449645;51.0;10.0;1.43865;5.17914;3.2181737;2.7965055;
140.0;12:32:13;145.05490891635418;-37.957333722151816;51.0;10.0;1.31355;4.72878;2.9383323;2.5533311;
141.0;12:32:14;145.05492341704667;-37.95732450205833;50.9000244140625;10.0;1.5012001;5.4043202;3.3580945;2.9180927;
142.0;12:32:15;145.05493582226336;-37.957310671918094;50.70001220703125;10.0;1.6263;5.8546796;3.6379354;3.161267;
143.0;12:32:16;145.05494680255651;-37.95729575213045;50.5999755859375;10.0;1.56375;5.6295;3.498015;3.03968;
144.0;12:32:17;145.05495887249708;-37.957284059375525;50.5;10.0;1.56375;5.6295;3.498015;3.03968;
145.0;12:32:18;145.05497085861862;-37.95727731194347;50.70001220703125;10.0;1.31355;4.72878;2.9383323;2.5533311;
146.0;12:32:19;145.0549821741879;-37.9572681337595;50.79998779296875;10.0;1.31355;4.72878;2.9383323;2.5533311;
147.0;12:32:20;145.0549943279475;-37.95725991949439;51.0999755859375;10.0;1.43865;5.17914;3.2181737;2.7965055;
148.0;12:32:21;145.05500882863998;-37.95725639909506;51.20001220703125;10.0;1.43865;5.17914;3.2181737;2.7965055;
149.0;12:32:22;145.0550234131515;-37.95725849457085;51.0999755859375;10.0;1.31355;4.72878;2.9383323;2.5533311;
150.0;12:32:23;145.05503590218723;-37.957266541197896;51.0999755859375;10.0;1.43865;5.17914;3.2181737;2.7965055;
151.0;12:32:24;145.05505023524165;-37.95727509073913;51.20001220703125;10.0;1.6888499;6.0798597;3.7778559;3.282854;
152.0;12:32:25;145.05506314337254;-37.957285065203905;51.4000244140625;10.0;1.6263;5.8546796;3.6379354;3.161267;
153.0;12:32:26;145.05507437512279;-37.957295291125774;51.4000244140625;10.0;1.43865;5.17914;3.2181737;2.7965055;
154.0;12:32:27;145.0550873670727;-37.95730476267636;51.5999755859375;10.0;1.56375;5.6295;3.498015;3.03968;
155.0;12:32:28;145.05510153248906;-37.957313605584204;51.79998779296875;10.0;1.7514;6.30504;3.9177766;3.4044414;
156.0;12:32:29;145.055111926049;-37.95732194557786;52.0;10.0;1.56375;5.6295;3.498015;3.03968;
157.0;12:32:30;145.05512324161828;-37.95732932165265;52.29998779296875;10.0;1.5012001;5.4043202;3.3580945;2.9180927;
158.0;12:32:31;145.05513765849173;-37.95733481179923;52.5;10.0;1.43865;5.17914;3.2181737;2.7965055;
159.0;12:32:32;145.05515567958355;-37.9573371168226;52.70001220703125;10.0;1.6888499;6.0798597;3.7778559;3.282854;
160.0;12:32:33;145.05517411977053;-37.957337074913085;52.9000244140625;10.0;1.5012001;5.4043202;3.3580945;2.9180927;
161.00002;12:32:34;145.0551904644817;-37.95733187813312;53.29998779296875;10.0;1.6263;5.8546796;3.6379354;3.161267;
162.00002;12:32:35;145.0552042108029;-37.95732819009572;53.29998779296875;10.0;1.31355;4.72878;2.9383323;2.5533311;
163.00002;12:32:36;145.05521812476218;-37.957320185378194;53.20001220703125;10.0;1.31355;4.72878;2.9383323;2.5533311;
164.00002;12:32:37;145.05522868596017;-37.95730891171843;53.4000244140625;10.0;1.31355;4.72878;2.9383323;2.5533311;
165.00002;12:32:38;145.05524025298655;-37.95730069745332;53.5;10.0;1.31355;4.72878;2.9383323;2.5533311;
166.00002;12:32:39;145.0552554242313;-37.95729462057352;53.5;10.0;1.3761;4.9539595;3.0782528;2.6749182;
167.00002;12:32:40;145.05526665598154;-37.95728368218988;53.79998779296875;10.0;1.31355;4.72878;2.9383323;2.5533311;
168.00002;12:32:41;145.05527487024665;-37.957271109335124;53.9000244140625;10.0;1.1259;4.05324;2.5185707;2.1885695;
169.00002;12:32:42;145.05528484471142;-37.957258159294724;54.0;10.0;1.31355;4.72878;2.9383323;2.5533311;
170.00002;12:32:43;145.05529557354748;-37.957250154577196;53.79998779296875;10.0;1.43865;5.17914;3.2181737;2.7965055;
171.00002;12:32:44;145.05530554801226;-37.957242359407246;53.79998779296875;10.0;0.8757;3.15252;1.9588883;1.7022207;
172.00002;12:32:45;145.055315438658;-37.957237707450986;53.79998779296875;10.0;0.8757;3.15252;1.9588883;1.7022207;
173.00002;12:32:46;145.05532750859857;-37.95723343268037;53.79998779296875;10.0;0.93825;3.3776999;2.0988088;1.823808;
174.00002;12:32:47;145.0553373992443;-37.95722752343863;53.79998779296875;10.0;0.93825;3.3776999;2.0988088;1.823808;
175.00002;12:32:48;145.055344523862;-37.957222242839634;53.79998779296875;10.0;0.8757;3.15252;1.9588883;1.7022207;
176.00002;12:32:50;145.0553529895842;-37.9572179261595;53.70001220703125;10.0;1.06335;3.8280597;2.37865;2.0669823;
177.00002;12:32:50;145.05536070093513;-37.957212310284376;53.5999755859375;10.0;0.75060004;2.7021601;1.6790472;1.4590464;
178.00002;12:32:51;145.05536464042962;-37.9572084126994;53.5;10.0;0.56295;2.02662;1.2592853;1.0942848;
179.00002;12:32:52;145.05536765791476;-37.95720573049039;53.5;10.0;0.31275;1.1259;0.69960296;0.60793597;
180.00002;12:32:53;145.05536262877285;-37.957203509286046;53.0999755859375;10.0;0.31275;1.1259;0.69960296;0.60793597;
181.00002;12:32:54;145.0553558394313;-37.95719973742962;52.9000244140625;10.0;0.56295;2.02662;1.2592853;1.0942848;
182.00002;12:32:55;145.05534938536584;-37.95719697140157;52.70001220703125;10.0;0.43785;1.57626;0.97944415;0.85111034;
183.00002;12:32:56;145.05534787662327;-37.957196342758834;52.70001220703125;10.0;0.5004;1.80144;1.1193647;0.97269756;
184.00002;12:32:57;145.05534360185266;-37.95719395391643;52.79998779296875;10.0;0.0;0.0;0.0;0.0;
185.00002;12:32:58;145.05534485913813;-37.95718951150775;52.70001220703125;10.0;0.43785;1.57626;0.97944415;0.85111034;
186.00002;12:32:59;145.05534645169973;-37.95718427281827;52.70001220703125;10.0;0.06255;0.22518;0.13992059;0.121587195;
187.00002;12:33:00;145.05534963682294;-37.95717895030975;52.79998779296875;10.0;0.31275;1.1259;0.69960296;0.60793597;
188.00002;12:33:01;145.0553493015468;-37.957182470709085;53.4000244140625;10.0;0.0;0.0;0.0;0.0;
189.00002;12:33:02;145.05535072647035;-37.95718263834715;53.70001220703125;10.0;0.43785;1.57626;0.97944415;0.85111034;
190.00002;12:33:03;145.05534921772778;-37.957178824581206;54.0;10.0;0.18765001;0.67554003;0.4197618;0.3647616;
191.00002;12:33:04;145.05535013973713;-37.957177106291056;54.0;10.0;0.18765001;0.67554003;0.4197618;0.3647616;
192.00002;12:33:05;145.05535240285099;-37.95717635191977;53.9000244140625;10.0;0.0;0.0;0.0;0.0;
193.00002;12:33:06;145.05535240285099;-37.95717635191977;53.9000244140625;10.0;0.0;0.0;0.0;0.0;
194.00002;12:33:07;145.05535240285099;-37.95717635191977;53.9000244140625;10.0;0.0;0.0;0.0;0.0;
195.00002;12:33:08;145.05535240285099;-37.95717635191977;53.9000244140625;10.0;0.0;0.0;0.0;0.0;
196.00002;12:33:09;145.05535240285099;-37.95717635191977;53.9000244140625;10.0;0.0;0.0;0.0;0.0;
197.00002;12:33:10;145.05535240285099;-37.95717635191977;53.9000244140625;5.0;0.0;0.0;0.0;0.0;
198.00002;12:33:11;145.05535240285099;-37.95717635191977;53.9000244140625;5.0;0.0;0.0;0.0;0.0;
199.00002;12:33:12;145.05535022355616;-37.95716826338321;53.5;10.0;1.3761;4.9539595;3.0782528;2.6749182;
200.00002;12:33:13;145.05536137148738;-37.9571634856984;53.5;10.0;1.1259;4.05324;2.5185707;2.1885695;
201.00002;12:33:14;145.05536925047636;-37.95715518761426;53.79998779296875;10.0;1.251;4.5036;2.7984118;2.4317439;
202.00002;12:33:15;145.05537830293179;-37.95714609324932;53.70001220703125;10.0;1.251;4.5036;2.7984118;2.4317439;
203.00002;12:33:16;145.05538827739656;-37.95713322702795;53.70001220703125;10.0;1.5012001;5.4043202;3.3580945;2.9180927;
204.00002;12:33:17;145.05539749749005;-37.95711889397353;53.9000244140625;10.0;1.3761;4.9539595;3.0782528;2.6749182;
205.00002;12:33:18;145.0553984194994;-37.95709928032011;54.29998779296875;10.0;1.43865;5.17914;3.2181737;2.7965055;
206.00002;12:33:19;145.05539598874748;-37.95708146877587;54.4000244140625;10.0;1.31355;4.72878;2.9383323;2.5533311;
207.00002;12:33:20;145.05539037287235;-37.95706680044532;54.4000244140625;10.0;1.06335;3.8280597;2.37865;2.0669823;
208.00002;12:33:21;145.05538484081626;-37.95705628115684;54.0999755859375;10.0;1.251;4.5036;2.7984118;2.4317439;
209.00002;12:33:22;145.05538023076952;-37.957044588401914;54.0999755859375;10.0;1.251;4.5036;2.7984118;2.4317439;
210.00002;12:33:23;145.05537838675082;-37.95703771524131;54.0;10.0;0.68805;2.4769797;1.5391264;1.3374591;
211.00002;12:33:24;145.05538031458855;-37.95703624840826;54.0999755859375;10.0;0.18765001;0.67554003;0.4197618;0.3647616;
212.00002;12:33:25;145.0553886126727;-37.95703390147537;54.0;10.0;0.93825;3.3776999;2.0988088;1.823808;
213.00002;12:33:26;145.0553981680423;-37.95703247655183;54.0;10.0;0.93825;3.3776999;2.0988088;1.823808;
214.00002;12:33:27;145.05541224963963;-37.95704521704465;53.9000244140625;10.0;1.56375;5.6295;3.498015;3.03968;
215.00002;12:33:28;145.05542783997953;-37.95705502387136;53.79998779296875;10.0;1.7514;6.30504;3.9177766;3.4044414;
216.00002;12:33:29;145.05544451996684;-37.95705820899457;53.70001220703125;10.0;1.31355;4.72878;2.9383323;2.5533311;
217.00002;12:33:30;145.0554575957358;-37.95705401804298;53.79998779296875;10.0;1.251;4.5036;2.7984118;2.4317439;
218.00002;12:33:31;145.05546983331442;-37.95704735442996;53.79998779296875;10.0;1.1259;4.05324;2.5185707;2.1885695;
219.00002;12:33:32;145.055481903255;-37.95703918207437;53.9000244140625;10.0;1.06335;3.8280597;2.37865;2.0669823;
220.00002;12:33:33;145.05549246445298;-37.957030297257006;54.0999755859375;10.0;1.06335;3.8280597;2.37865;2.0669823;
221.00002;12:33:34;145.0555036123842;-37.957021705806255;54.0;10.0;1.251;4.5036;2.7984118;2.4317439;
222.00002;12:33:35;145.05550906062126;-37.957010683603585;54.0;10.0;1.06335;3.8280597;2.37865;2.0669823;
223.00002;12:33:36;145.05550637841225;-37.95699375215918;54.0999755859375;10.0;1.5012001;5.4043202;3.3580945;2.9180927;
224.00002;12:33:37;145.05550528876483;-37.95697908382863;54.0999755859375;10.0;1.251;4.5036;2.7984118;2.4317439;
225.00002;12:33:38;145.05550277419388;-37.95696357730776;54.20001220703125;10.0;1.31355;4.72878;2.9383323;2.5533311;
226.00002;12:33:39;145.0555012654513;-37.956952094100416;54.4000244140625;10.0;1.1259;4.05324;2.5185707;2.1885695;
227.00002;12:33:40;145.0555022712797;-37.95694392174482;54.20001220703125;10.0;0.93825;3.3776999;2.0988088;1.823808;
228.00002;12:33:41;145.05550981499255;-37.95693478547037;54.20001220703125;10.0;1.06335;3.8280597;2.37865;2.0669823;
229.00002;12:33:42;145.0555223878473;-37.95692908577621;54.20001220703125;10.0;1.31355;4.72878;2.9383323;2.5533311;
230.00002;12:33:43;145.05553605034947;-37.95692258980125;54.29998779296875;10.0;1.43865;5.17914;3.2181737;2.7965055;
231.00002;12:33:44;145.05555138923228;-37.95692330226302;54.29998779296875;10.0;1.31355;4.72878;2.9383323;2.5533311;
232.00002;12:33:45;145.05555658601224;-37.95693210326135;54.20001220703125;10.0;1.06335;3.8280597;2.37865;2.0669823;
233.00002;12:33:46;145.05555876530707;-37.95694065280259;54.0999755859375;10.0;1.0008;3.60288;2.2387295;1.9453951;
234.00002;12:33:47;145.0555593520403;-37.956946142949164;54.0999755859375;10.0;0.5004;1.80144;1.1193647;0.97269756;
235.00002;12:33:48;145.05555583164096;-37.956947358325124;54.20001220703125;10.0;0.6255;2.2518;1.3992059;1.2158719;
236.00002;12:33:50;145.05555331707;-37.95695289038122;54.29998779296875;10.0;0.8757;3.15252;1.9588883;1.7022207;
237.00002;12:33:50;145.0555530656129;-37.956953225657344;54.4000244140625;10.0;0.43785;1.57626;0.97944415;0.85111034;
238.00002;12:33:51;145.0555508863181;-37.95696022454649;54.5999755859375;10.0;1.251;4.5036;2.7984118;2.4317439;
239.00002;12:33:52;145.05554929375648;-37.95696877408773;54.70001220703125;10.0;1.1259;4.05324;2.5185707;2.1885695;
240.00002;12:33:53;145.0555490422994;-37.95697975438088;54.79998779296875;10.0;1.0008;3.60288;2.2387295;1.9453951;
241.00002;12:33:54;145.05555415526032;-37.95698859728873;54.70001220703125;10.0;0.93825;3.3776999;2.0988088;1.823808;
242.00002;12:33:55;145.05555951967835;-37.95699396170676;54.70001220703125;10.0;0.75060004;2.7021601;1.6790472;1.4590464;
243.00002;12:33:56;145.05556882359087;-37.95700293034315;54.5999755859375;10.0;1.3761;4.9539595;3.0782528;2.6749182;
244.00002;12:33:57;145.0555808097124;-37.95700921677053;54.5999755859375;10.0;1.251;4.5036;2.7984118;2.4317439;
245.00002;12:33:58;145.055590281263;-37.957014916464686;54.79998779296875;10.0;1.3761;4.9539595;3.0782528;2.6749182;
246.00002;12:33:59;145.055600842461;-37.95701881404966;55.20001220703125;10.0;1.43865;5.17914;3.2181737;2.7965055;
247.00002;12:34:00;145.05561098456383;-37.95703025534749;55.29998779296875;10.0;1.3761;4.9539595;3.0782528;2.6749182;
248.00002;12:34:01;145.05562322214246;-37.95704010408372;55.29998779296875;10.0;1.18845;4.27842;2.6584911;2.3101566;
249.00002;12:34:02;145.05563353188336;-37.95705292839557;55.29998779296875;10.0;1.43865;5.17914;3.2181737;2.7965055;
250.00002;12:34:03;145.0556441769004;-37.95706730335951;55.20001220703125;10.0;1.5012001;5.4043202;3.3580945;2.9180927;
251.00002;12:34:04;145.0556505471468;-37.95708431862295;55.20001220703125;10.0;1.31355;4.72878;2.9383323;2.5533311;
252.00002;12:34:05;145.05564954131842;-37.95709865167737;55.0;10.0;1.18845;4.27842;2.6584911;2.3101566;
253.00002;12:34:06;145.05564602091908;-37.957110134884715;54.9000244140625;10.0;1.31355;4.72878;2.9383323;2.5533311;
254.00002;12:34:07;145.05563822574914;-37.95711847487837;54.9000244140625;10.0;1.251;4.5036;2.7984118;2.4317439;
255.00002;12:34:08;145.05562867037952;-37.95712941326201;54.79998779296875;10.0;1.31355;4.72878;2.9383323;2.5533311;
256.0;12:34:09;145.05562037229538;-37.95714177656919;54.70001220703125;10.0;1.31355;4.72878;2.9383323;2.5533311;
257.0;12:34:10;145.05561400204897;-37.95715522952378;54.70001220703125;10.0;1.43865;5.17914;3.2181737;2.7965055;
258.0;12:34:11;145.05560201592743;-37.95716667082161;54.5999755859375;10.0;1.6263;5.8546796;3.6379354;3.161267;
259.0;12:34:12;145.05559179000556;-37.9571772320196;54.5999755859375;10.0;1.31355;4.72878;2.9383323;2.5533311;
260.0;12:34:13;145.05558575503528;-37.95718749985099;54.5;10.0;1.1259;4.05324;2.5185707;2.1885695;
261.0;12:34:14;145.055582402274;-37.95719659421593;54.70001220703125;10.0;1.251;4.5036;2.7984118;2.4317439;
262.0;12:34:15;145.05558198317885;-37.95720753259957;54.79998779296875;10.0;1.3761;4.9539595;3.0782528;2.6749182;
263.0;12:34:16;145.05558508448303;-37.95721813570708;54.79998779296875;10.0;1.1259;4.05324;2.5185707;2.1885695;
264.0;12:34:17;145.05558910779655;-37.957226601429284;54.79998779296875;10.0;1.1259;4.05324;2.5185707;2.1885695;
265.0;12:34:18;145.05559313111007;-37.95723443850875;54.9000244140625;10.0;1.18845;4.27842;2.6584911;2.3101566;
266.0;12:34:19;145.05560184828937;-37.95724173076451;55.0;10.0;1.31355;4.72878;2.9383323;2.5533311;
267.0;12:34:20;145.0556135829538;-37.95724940020591;54.9000244140625;10.0;1.1259;4.05324;2.5185707;2.1885695;
268.0;12:34:21;145.05562481470406;-37.957259961403906;54.5999755859375;10.0;1.1259;4.05324;2.5185707;2.1885695;
269.0;12:34:22;145.0556333642453;-37.95726830139756;54.5;10.0;1.06335;3.8280597;2.37865;2.0669823;
270.0;12:34:23;145.05563906393945;-37.95727978460491;54.5;10.0;1.3761;4.9539595;3.0782528;2.6749182;
271.0;12:34:24;145.05564484745264;-37.957290429621935;54.5;10.0;1.31355;4.72878;2.9383323;2.5533311;
272.0;12:34:25;145.05565574392676;-37.95730103272945;54.5;10.0;1.43865;5.17914;3.2181737;2.7965055;
273.0;12:34:26;145.05566370673478;-37.957311174832284;54.5999755859375;10.0;1.1259;4.05324;2.5185707;2.1885695;
274.0;12:34:27;145.0556714180857;-37.957318467088044;54.70001220703125;10.0;0.8757;3.15252;1.9588883;1.7022207;
275.0;12:34:28;145.05568030290306;-37.95732860919088;54.5999755859375;10.0;1.18845;4.27842;2.6584911;2.3101566;
276.0;12:34:29;145.05569010972977;-37.9573363205418;54.29998779296875;10.0;0.75060004;2.7021601;1.6790472;1.4590464;
277.0;12:34:30;145.05569932982326;-37.957343026064336;54.4000244140625;10.0;0.93825;3.3776999;2.0988088;1.823808;
278.0;12:34:31;145.0557071249932;-37.9573511146009;54.4000244140625;10.0;0.93825;3.3776999;2.0988088;1.823808;
279.0;12:34:32;145.05572028458118;-37.95735928695649;54.5999755859375;10.0;1.31355;4.72878;2.9383323;2.5533311;
280.0;12:34:33;145.055733025074;-37.957371985539794;54.5999755859375;10.0;1.5012001;5.4043202;3.3580945;2.9180927;
281.0;12:34:34;145.05574140697718;-37.95738061890006;54.79998779296875;10.0;1.06335;3.8280597;2.37865;2.0669823;
282.0;12:34:35;145.0557477772236;-37.95738975517452;54.9000244140625;10.0;1.06335;3.8280597;2.37865;2.0669823;
283.0;12:34:36;145.0557591766119;-37.95740077737719;54.79998779296875;10.0;1.1259;4.05324;2.5185707;2.1885695;
284.0;12:34:37;145.0557718332857;-37.95741368550807;54.79998779296875;10.0;1.5012001;5.4043202;3.3580945;2.9180927;
285.0;12:34:38;145.05578063428402;-37.957423869520426;54.79998779296875;10.0;1.06335;3.8280597;2.37865;2.0669823;
286.0;12:34:39;145.05578893236816;-37.95743342489004;54.79998779296875;10.0;1.18845;4.27842;2.6584911;2.3101566;
287.0;12:34:40;145.05579572170973;-37.95744050759822;54.9000244140625;10.0;1.0008;3.60288;2.2387295;1.9453951;
288.0;12:34:41;145.05580133758485;-37.95744830276817;55.0;10.0;0.8757;3.15252;1.9588883;1.7022207;
289.0;12:34:43;145.05581064149737;-37.95745387673378;55.29998779296875;10.0;1.0008;3.60288;2.2387295;1.9453951;
290.0;12:34:43;145.05582614801824;-37.957463935017586;55.29998779296875;10.0;1.6263;5.8546796;3.6379354;3.161267;
291.0;12:34:44;145.05584567785263;-37.9574718978256;55.29998779296875;10.0;1.5012001;5.4043202;3.3580945;2.9180927;
292.0;12:34:45;145.05586629733443;-37.95747319702059;55.20001220703125;10.0;1.43865;5.17914;3.2181737;2.7965055;
293.0;12:34:46;145.05588616244495;-37.957471227273345;55.0999755859375;10.0;1.56375;5.6295;3.498015;3.03968;
294.0;12:34:47;145.05590644665062;-37.95746712014079;54.79998779296875;10.0;1.5012001;5.4043202;3.3580945;2.9180927;
295.0;12:34:48;145.05591818131506;-37.957466365769506;54.5999755859375;10.0;1.18845;4.27842;2.6584911;2.3101566;
296.0;12:34:49;145.05592849105597;-37.957463641650975;54.70001220703125;10.0;1.0008;3.60288;2.2387295;1.9453951;
297.0;12:34:50;145.0559441652149;-37.95746368356049;54.5999755859375;10.0;1.56375;5.6295;3.498015;3.03968;
298.0;12:34:51;145.05596377886832;-37.95746137853712;54.4000244140625;10.0;1.5012001;5.4043202;3.3580945;2.9180927;
299.0;12:34:52;145.05598163232207;-37.957457061856985;54.20001220703125;10.0;1.1259;4.05324;2.5185707;2.1885695;
300.0;12:34:53;145.05599814467132;-37.95745693612844;54.0999755859375;10.0;1.251;4.5036;2.7984118;2.4317439;
301.0;12:34:54;145.05601616576314;-37.95745542738587;54.20001220703125;10.0;1.43865;5.17914;3.2181737;2.7965055;
302.0;12:34:55;145.05603636614978;-37.95745245181024;54.20001220703125;10.0;1.56375;5.6295;3.498015;3.03968;
303.0;12:34:56;145.05605530925095;-37.957447548396885;54.29998779296875;10.0;1.56375;5.6295;3.498015;3.03968;
304.0;12:34:57;145.05607374943793;-37.95744122005999;54.4000244140625;10.0;1.3761;4.9539595;3.0782528;2.6749182;
305.0;12:34:58;145.05609445273876;-37.95743899885565;54.20001220703125;10.0;1.3761;4.9539595;3.0782528;2.6749182;
306.0;12:34:59;145.05611473694444;-37.957438956946135;54.0999755859375;10.0;1.31355;4.72878;2.9383323;2.5533311;
307.0;12:35:00;145.05613309331238;-37.95744033996016;54.0;10.0;1.18845;4.27842;2.6584911;2.3101566;
308.0;12:35:01;145.05615304224193;-37.95744272880256;54.0;10.0;1.3761;4.9539595;3.0782528;2.6749182;
309.0;12:35:02;145.05616544745862;-37.957439753226936;54.20001220703125;10.0;0.2502;0.90072;0.55968237;0.48634878;
